296192 / 847861
0 -100 10 -90 10 -90 20 -80 15 -85 25 -75 25 -75 35 -65 
100 0 110 10 110 10 120 20 115 15 125 25 125 25 135 35 
-10 -110 0 -100 0 -100 10 -90 5 -95 15 -85 15 -85 25 -75 
90 -10 100 0 100 0 110 10 105 5 115 15 115 15 125 25 
-10 -110 0 -100 0 -100 10 -90 5 -95 15 -85 15 -85 25 -75 
90 -10 100 0 100 0 110 10 105 5 115 15 115 15 125 25 
-20 -120 -10 -110 -10 -110 0 -100 -5 -105 5 -95 5 -95 15 -85 
80 -20 90 -10 90 -10 100 0 95 -5 105 5 105 5 115 15 
-15 -115 -5 -105 -5 -105 5 -95 0 -100 10 -90 10 -90 20 -80 
85 -15 95 -5 95 -5 105 5 100 0 110 10 110 10 120 20 
-25 -125 -15 -115 -15 -115 -5 -105 -10 -110 0 -100 0 -100 10 -90 
75 -25 85 -15 85 -15 95 -5 90 -10 100 0 100 0 110 10 
-25 -125 -15 -115 -15 -115 -5 -105 -10 -110 0 -100 0 -100 10 -90 
75 -25 85 -15 85 -15 95 -5 90 -10 100 0 100 0 110 10 
-35 -135 -25 -125 -25 -125 -15 -115 -20 -120 -10 -110 -10 -110 0 -100 
65 -35 75 -25 75 -25 85 -15 80 -20 90 -10 90 -10 100 0 

296258 / 847861
0 -100 10 -110 10 -90 20 -80 15 -85 25 -75 25 -75 35 -65 
100 0 110 10 110 10 120 20 115 15 125 25 125 25 135 35 
-10 -110 0 -100 0 -100 10 -90 5 -95 15 -85 15 -85 25 -75 
90 -10 100 0 100 0 110 10 105 5 115 15 115 15 125 25 
-10 -110 0 -100 0 -100 10 -90 5 -95 15 -85 15 -85 25 -75 
90 -10 100 0 100 0 110 10 105 5 115 15 115 15 125 25 
-20 -120 -10 -110 -10 -110 0 -100 -5 -105 5 -95 5 -95 15 -85 
80 -20 90 -10 90 -10 100 0 95 -5 105 5 105 5 115 15 
-15 -115 -5 -105 -5 -105 5 -95 0 -100 10 -90 10 -90 20 -80 
85 -15 95 -5 95 -5 105 5 100 0 110 10 110 10 120 20 
-25 -125 -15 -115 -15 -115 -5 -105 -10 -110 0 -100 0 -100 10 -90 
75 -25 85 -15 85 -15 95 -5 90 -10 100 0 100 0 110 10 
-25 -125 -15 -115 -15 -115 -5 -105 -10 -110 0 -100 0 -100 10 -90 
75 -25 85 -15 85 -15 95 -5 90 -10 100 0 100 0 110 10 
-35 -135 -25 -125 -25 -125 -15 -115 -20 -120 -10 -110 -10 -110 0 -100 
65 -35 75 -25 75 -25 85 -15 80 -20 90 -10 90 -10 100 0 

296324 / 847861
0 -100 10 -130 10 -90 20 -80 15 -85 25 -75 25 -75 35 -65 
100 0 110 10 110 10 120 20 115 15 125 25 125 25 135 35 
-10 -110 0 -100 0 -100 10 -90 5 -95 15 -85 15 -85 25 -75 
90 -10 100 0 100 0 110 10 105 5 115 15 115 15 125 25 
-10 -110 0 -100 0 -100 10 -90 5 -95 15 -85 15 -85 25 -75 
90 -10 100 0 100 0 110 10 105 5 115 15 115 15 125 25 
-20 -120 -10 -110 -10 -110 0 -100 -5 -105 5 -95 5 -95 15 -85 
80 -20 90 -10 90 -10 100 0 95 -5 105 5 105 5 115 15 
-15 -115 -5 -105 -5 -105 5 -95 0 -100 10 -90 10 -90 20 -80 
85 -15 95 -5 95 -5 105 5 100 0 110 10 110 10 120 20 
-25 -125 -15 -115 -15 -115 -5 -105 -10 -110 0 -100 0 -100 10 -90 
75 -25 85 -15 85 -15 95 -5 90 -10 100 0 100 0 110 10 
-25 -125 -15 -115 -15 -115 -5 -105 -10 -110 0 -100 0 -100 10 -90 
75 -25 85 -15 85 -15 95 -5 90 -10 100 0 100 0 110 10 
-35 -135 -25 -125 -25 -125 -15 -115 -20 -120 -10 -110 -10 -110 0 -100 
65 -35 75 -25 75 -25 85 -15 80 -20 90 -10 90 -10 100 0 

296337 / 847861
0 -100 10 -130 10 -90 20 -100 15 -85 25 -75 25 -75 35 -65 
100 0 110 10 110 10 120 20 115 15 125 25 125 25 135 35 
-10 -110 0 -100 0 -100 10 -90 5 -95 15 -85 15 -85 25 -75 
90 -10 100 0 100 0 110 10 105 5 115 15 115 15 125 25 
-10 -110 0 -100 0 -100 10 -90 5 -95 15 -85 15 -85 25 -75 
90 -10 100 0 100 0 110 10 105 5 115 15 115 15 125 25 
-20 -120 -10 -110 -10 -110 0 -100 -5 -105 5 -95 5 -95 15 -85 
80 -20 90 -10 90 -10 100 0 95 -5 105 5 105 5 115 15 
-15 -115 -5 -105 -5 -105 5 -95 0 -100 10 -90 10 -90 20 -80 
85 -15 95 -5 95 -5 105 5 100 0 110 10 110 10 120 20 
-25 -125 -15 -115 -15 -115 -5 -105 -10 -110 0 -100 0 -100 10 -90 
75 -25 85 -15 85 -15 95 -5 90 -10 100 0 100 0 110 10 
-25 -125 -15 -115 -15 -115 -5 -105 -10 -110 0 -100 0 -100 10 -90 
75 -25 85 -15 85 -15 95 -5 90 -10 100 0 100 0 110 10 
-35 -135 -25 -125 -25 -125 -15 -115 -20 -120 -10 -110 -10 -110 0 -100 
65 -35 75 -25 75 -25 85 -15 80 -20 90 -10 90 -10 100 0 

296353 / 847861
0 -100 10 -130 10 -90 20 -120 15 -85 25 -75 25 -75 35 -65 
100 0 110 10 110 10 120 20 115 15 125 25 125 25 135 35 
-10 -110 0 -100 0 -100 10 -90 5 -95 15 -85 15 -85 25 -75 
90 -10 100 0 100 0 110 10 105 5 115 15 115 15 125 25 
-10 -110 0 -100 0 -100 10 -90 5 -95 15 -85 15 -85 25 -75 
90 -10 100 0 100 0 110 10 105 5 115 15 115 15 125 25 
-20 -120 -10 -110 -10 -110 0 -100 -5 -105 5 -95 5 -95 15 -85 
80 -20 90 -10 90 -10 100 0 95 -5 105 5 105 5 115 15 
-15 -115 -5 -105 -5 -105 5 -95 0 -100 10 -90 10 -90 20 -80 
85 -15 95 -5 95 -5 105 5 100 0 110 10 110 10 120 20 
-25 -125 -15 -115 -15 -115 -5 -105 -10 -110 0 -100 0 -100 10 -90 
75 -25 85 -15 85 -15 95 -5 90 -10 100 0 100 0 110 10 
-25 -125 -15 -115 -15 -115 -5 -105 -10 -110 0 -100 0 -100 10 -90 
75 -25 85 -15 85 -15 95 -5 90 -10 100 0 100 0 110 10 
-35 -135 -25 -125 -25 -125 -15 -115 -20 -120 -10 -110 -10 -110 0 -100 
65 -35 75 -25 75 -25 85 -15 80 -20 90 -10 90 -10 100 0 

297006 / 847861
0 -100 10 -130 10 -90 20 -120 15 -105 25 -75 25 -75 35 -65 
100 0 110 10 110 10 120 20 115 15 125 25 125 25 135 35 
-10 -110 0 -100 0 -100 10 -90 5 -95 15 -85 15 -85 25 -75 
90 -10 100 0 100 0 110 10 105 5 115 15 115 15 125 25 
-10 -110 0 -100 0 -100 10 -90 5 -95 15 -85 15 -85 25 -75 
90 -10 100 0 100 0 110 10 105 5 115 15 115 15 125 25 
-20 -120 -10 -110 -10 -110 0 -100 -5 -105 5 -95 5 -95 15 -85 
80 -20 90 -10 90 -10 100 0 95 -5 105 5 105 5 115 15 
-15 -115 -5 -105 -5 -105 5 -95 0 -100 10 -90 10 -90 20 -80 
85 -15 95 -5 95 -5 105 5 100 0 110 10 110 10 120 20 
-25 -125 -15 -115 -15 -115 -5 -105 -10 -110 0 -100 0 -100 10 -90 
75 -25 85 -15 85 -15 95 -5 90 -10 100 0 100 0 110 10 
-25 -125 -15 -115 -15 -115 -5 -105 -10 -110 0 -100 0 -100 10 -90 
75 -25 85 -15 85 -15 95 -5 90 -10 100 0 100 0 110 10 
-35 -135 -25 -125 -25 -125 -15 -115 -20 -120 -10 -110 -10 -110 0 -100 
65 -35 75 -25 75 -25 85 -15 80 -20 90 -10 90 -10 100 0 

299349 / 847861
0 -100 10 -130 10 -90 20 -120 15 -105 25 -75 25 -75 55 -65 
100 0 110 10 110 10 120 20 115 15 125 25 125 25 135 35 
-10 -110 0 -100 0 -100 10 -90 5 -95 15 -85 15 -85 25 -75 
90 -10 100 0 100 0 110 10 105 5 115 15 115 15 125 25 
-10 -110 0 -100 0 -100 10 -90 5 -95 15 -85 15 -85 25 -75 
90 -10 100 0 100 0 110 10 105 5 115 15 115 15 125 25 
-20 -120 -10 -110 -10 -110 0 -100 -5 -105 5 -95 5 -95 15 -85 
80 -20 90 -10 90 -10 100 0 95 -5 105 5 105 5 115 15 
-15 -115 -5 -105 -5 -105 5 -95 0 -100 10 -90 10 -90 20 -80 
85 -15 95 -5 95 -5 105 5 100 0 110 10 110 10 120 20 
-25 -125 -15 -115 -15 -115 -5 -105 -10 -110 0 -100 0 -100 10 -90 
75 -25 85 -15 85 -15 95 -5 90 -10 100 0 100 0 110 10 
-25 -125 -15 -115 -15 -115 -5 -105 -10 -110 0 -100 0 -100 10 -90 
75 -25 85 -15 85 -15 95 -5 90 -10 100 0 100 0 110 10 
-35 -135 -25 -125 -25 -125 -15 -115 -20 -120 -10 -110 -10 -110 0 -100 
65 -35 75 -25 75 -25 85 -15 80 -20 90 -10 90 -10 100 0 

299462 / 847861
0 -100 10 -130 10 -90 20 -120 15 -105 25 -75 25 -75 75 -65 
100 0 110 10 110 10 120 20 115 15 125 25 125 25 135 35 
-10 -110 0 -100 0 -100 10 -90 5 -95 15 -85 15 -85 25 -75 
90 -10 100 0 100 0 110 10 105 5 115 15 115 15 125 25 
-10 -110 0 -100 0 -100 10 -90 5 -95 15 -85 15 -85 25 -75 
90 -10 100 0 100 0 110 10 105 5 115 15 115 15 125 25 
-20 -120 -10 -110 -10 -110 0 -100 -5 -105 5 -95 5 -95 15 -85 
80 -20 90 -10 90 -10 100 0 95 -5 105 5 105 5 115 15 
-15 -115 -5 -105 -5 -105 5 -95 0 -100 10 -90 10 -90 20 -80 
85 -15 95 -5 95 -5 105 5 100 0 110 10 110 10 120 20 
-25 -125 -15 -115 -15 -115 -5 -105 -10 -110 0 -100 0 -100 10 -90 
75 -25 85 -15 85 -15 95 -5 90 -10 100 0 100 0 110 10 
-25 -125 -15 -115 -15 -115 -5 -105 -10 -110 0 -100 0 -100 10 -90 
75 -25 85 -15 85 -15 95 -5 90 -10 100 0 100 0 110 10 
-35 -135 -25 -125 -25 -125 -15 -115 -20 -120 -10 -110 -10 -110 0 -100 
65 -35 75 -25 75 -25 85 -15 80 -20 90 -10 90 -10 100 0 

299466 / 847861
0 -100 10 -130 10 -90 20 -120 15 -105 25 -75 25 -75 95 -65 
100 0 110 10 110 10 120 20 115 15 125 25 125 25 135 35 
-10 -110 0 -100 0 -100 10 -90 5 -95 15 -85 15 -85 25 -75 
90 -10 100 0 100 0 110 10 105 5 115 15 115 15 125 25 
-10 -110 0 -100 0 -100 10 -90 5 -95 15 -85 15 -85 25 -75 
90 -10 100 0 100 0 110 10 105 5 115 15 115 15 125 25 
-20 -120 -10 -110 -10 -110 0 -100 -5 -105 5 -95 5 -95 15 -85 
80 -20 90 -10 90 -10 100 0 95 -5 105 5 105 5 115 15 
-15 -115 -5 -105 -5 -105 5 -95 0 -100 10 -90 10 -90 20 -80 
85 -15 95 -5 95 -5 105 5 100 0 110 10 110 10 120 20 
-25 -125 -15 -115 -15 -115 -5 -105 -10 -110 0 -100 0 -100 10 -90 
75 -25 85 -15 85 -15 95 -5 90 -10 100 0 100 0 110 10 
-25 -125 -15 -115 -15 -115 -5 -105 -10 -110 0 -100 0 -100 10 -90 
75 -25 85 -15 85 -15 95 -5 90 -10 100 0 100 0 110 10 
-35 -135 -25 -125 -25 -125 -15 -115 -20 -120 -10 -110 -10 -110 0 -100 
65 -35 75 -25 75 -25 85 -15 80 -20 90 -10 90 -10 100 0 

299481 / 847861
0 -100 10 -130 10 -90 20 -120 15 -105 25 -75 25 -75 115 -65 
100 0 110 10 110 10 120 20 115 15 125 25 125 25 135 35 
-10 -110 0 -100 0 -100 10 -90 5 -95 15 -85 15 -85 25 -75 
90 -10 100 0 100 0 110 10 105 5 115 15 115 15 125 25 
-10 -110 0 -100 0 -100 10 -90 5 -95 15 -85 15 -85 25 -75 
90 -10 100 0 100 0 110 10 105 5 115 15 115 15 125 25 
-20 -120 -10 -110 -10 -110 0 -100 -5 -105 5 -95 5 -95 15 -85 
80 -20 90 -10 90 -10 100 0 95 -5 105 5 105 5 115 15 
-15 -115 -5 -105 -5 -105 5 -95 0 -100 10 -90 10 -90 20 -80 
85 -15 95 -5 95 -5 105 5 100 0 110 10 110 10 120 20 
-25 -125 -15 -115 -15 -115 -5 -105 -10 -110 0 -100 0 -100 10 -90 
75 -25 85 -15 85 -15 95 -5 90 -10 100 0 100 0 110 10 
-25 -125 -15 -115 -15 -115 -5 -105 -10 -110 0 -100 0 -100 10 -90 
75 -25 85 -15 85 -15 95 -5 90 -10 100 0 100 0 110 10 
-35 -135 -25 -125 -25 -125 -15 -115 -20 -120 -10 -110 -10 -110 0 -100 
65 -35 75 -25 75 -25 85 -15 80 -20 90 -10 90 -10 100 0 

299538 / 847861
0 -100 10 -130 10 -90 20 -120 15 -105 25 -75 25 -75 135 -65 
100 0 110 10 110 10 120 20 115 15 125 25 125 25 135 35 
-10 -110 0 -100 0 -100 10 -90 5 -95 15 -85 15 -85 25 -75 
90 -10 100 0 100 0 110 10 105 5 115 15 115 15 125 25 
-10 -110 0 -100 0 -100 10 -90 5 -95 15 -85 15 -85 25 -75 
90 -10 100 0 100 0 110 10 105 5 115 15 115 15 125 25 
-20 -120 -10 -110 -10 -110 0 -100 -5 -105 5 -95 5 -95 15 -85 
80 -20 90 -10 90 -10 100 0 95 -5 105 5 105 5 115 15 
-15 -115 -5 -105 -5 -105 5 -95 0 -100 10 -90 10 -90 20 -80 
85 -15 95 -5 95 -5 105 5 100 0 110 10 110 10 120 20 
-25 -125 -15 -115 -15 -115 -5 -105 -10 -110 0 -100 0 -100 10 -90 
75 -25 85 -15 85 -15 95 -5 90 -10 100 0 100 0 110 10 
-25 -125 -15 -115 -15 -115 -5 -105 -10 -110 0 -100 0 -100 10 -90 
75 -25 85 -15 85 -15 95 -5 90 -10 100 0 100 0 110 10 
-35 -135 -25 -125 -25 -125 -15 -115 -20 -120 -10 -110 -10 -110 0 -100 
65 -35 75 -25 75 -25 85 -15 80 -20 90 -10 90 -10 100 0 

299765 / 847861
0 -100 10 -130 10 -90 20 -120 15 -105 25 -75 25 -75 135 -85 
100 0 110 10 110 10 120 20 115 15 125 25 125 25 135 35 
-10 -110 0 -100 0 -100 10 -90 5 -95 15 -85 15 -85 25 -75 
90 -10 100 0 100 0 110 10 105 5 115 15 115 15 125 25 
-10 -110 0 -100 0 -100 10 -90 5 -95 15 -85 15 -85 25 -75 
90 -10 100 0 100 0 110 10 105 5 115 15 115 15 125 25 
-20 -120 -10 -110 -10 -110 0 -100 -5 -105 5 -95 5 -95 15 -85 
80 -20 90 -10 90 -10 100 0 95 -5 105 5 105 5 115 15 
-15 -115 -5 -105 -5 -105 5 -95 0 -100 10 -90 10 -90 20 -80 
85 -15 95 -5 95 -5 105 5 100 0 110 10 110 10 120 20 
-25 -125 -15 -115 -15 -115 -5 -105 -10 -110 0 -100 0 -100 10 -90 
75 -25 85 -15 85 -15 95 -5 90 -10 100 0 100 0 110 10 
-25 -125 -15 -115 -15 -115 -5 -105 -10 -110 0 -100 0 -100 10 -90 
75 -25 85 -15 85 -15 95 -5 90 -10 100 0 100 0 110 10 
-35 -135 -25 -125 -25 -125 -15 -115 -20 -120 -10 -110 -10 -110 0 -100 
65 -35 75 -25 75 -25 85 -15 80 -20 90 -10 90 -10 100 0 

299812 / 847861
0 -100 10 -130 10 -90 20 -120 15 -105 25 -75 25 -75 135 -85 
100 0 110 10 110 10 120 20 95 15 125 25 125 25 135 35 
-10 -110 0 -100 0 -100 10 -90 5 -95 15 -85 15 -85 25 -75 
90 -10 100 0 100 0 110 10 105 5 115 15 115 15 125 25 
-10 -110 0 -100 0 -100 10 -90 5 -95 15 -85 15 -85 25 -75 
90 -10 100 0 100 0 110 10 105 5 115 15 115 15 125 25 
-20 -120 -10 -110 -10 -110 0 -100 -5 -105 5 -95 5 -95 15 -85 
80 -20 90 -10 90 -10 100 0 95 -5 105 5 105 5 115 15 
-15 -115 -5 -105 -5 -105 5 -95 0 -100 10 -90 10 -90 20 -80 
85 -15 95 -5 95 -5 105 5 100 0 110 10 110 10 120 20 
-25 -125 -15 -115 -15 -115 -5 -105 -10 -110 0 -100 0 -100 10 -90 
75 -25 85 -15 85 -15 95 -5 90 -10 100 0 100 0 110 10 
-25 -125 -15 -115 -15 -115 -5 -105 -10 -110 0 -100 0 -100 10 -90 
75 -25 85 -15 85 -15 95 -5 90 -10 100 0 100 0 110 10 
-35 -135 -25 -125 -25 -125 -15 -115 -20 -120 -10 -110 -10 -110 0 -100 
65 -35 75 -25 75 -25 85 -15 80 -20 90 -10 90 -10 100 0 

299910 / 847861
0 -100 10 -130 10 -90 20 -120 15 -105 25 -75 25 -75 135 -85 
100 0 110 10 110 10 120 20 75 15 125 25 125 25 135 35 
-10 -110 0 -100 0 -100 10 -90 5 -95 15 -85 15 -85 25 -75 
90 -10 100 0 100 0 110 10 105 5 115 15 115 15 125 25 
-10 -110 0 -100 0 -100 10 -90 5 -95 15 -85 15 -85 25 -75 
90 -10 100 0 100 0 110 10 105 5 115 15 115 15 125 25 
-20 -120 -10 -110 -10 -110 0 -100 -5 -105 5 -95 5 -95 15 -85 
80 -20 90 -10 90 -10 100 0 95 -5 105 5 105 5 115 15 
-15 -115 -5 -105 -5 -105 5 -95 0 -100 10 -90 10 -90 20 -80 
85 -15 95 -5 95 -5 105 5 100 0 110 10 110 10 120 20 
-25 -125 -15 -115 -15 -115 -5 -105 -10 -110 0 -100 0 -100 10 -90 
75 -25 85 -15 85 -15 95 -5 90 -10 100 0 100 0 110 10 
-25 -125 -15 -115 -15 -115 -5 -105 -10 -110 0 -100 0 -100 10 -90 
75 -25 85 -15 85 -15 95 -5 90 -10 100 0 100 0 110 10 
-35 -135 -25 -125 -25 -125 -15 -115 -20 -120 -10 -110 -10 -110 0 -100 
65 -35 75 -25 75 -25 85 -15 80 -20 90 -10 90 -10 100 0 

300630 / 847861
0 -100 10 -130 10 -90 20 -120 15 -105 25 -75 25 -75 135 -85 
100 0 110 10 110 10 120 20 75 15 105 25 125 25 135 35 
-10 -110 0 -100 0 -100 10 -90 5 -95 15 -85 15 -85 25 -75 
90 -10 100 0 100 0 110 10 105 5 115 15 115 15 125 25 
-10 -110 0 -100 0 -100 10 -90 5 -95 15 -85 15 -85 25 -75 
90 -10 100 0 100 0 110 10 105 5 115 15 115 15 125 25 
-20 -120 -10 -110 -10 -110 0 -100 -5 -105 5 -95 5 -95 15 -85 
80 -20 90 -10 90 -10 100 0 95 -5 105 5 105 5 115 15 
-15 -115 -5 -105 -5 -105 5 -95 0 -100 10 -90 10 -90 20 -80 
85 -15 95 -5 95 -5 105 5 100 0 110 10 110 10 120 20 
-25 -125 -15 -115 -15 -115 -5 -105 -10 -110 0 -100 0 -100 10 -90 
75 -25 85 -15 85 -15 95 -5 90 -10 100 0 100 0 110 10 
-25 -125 -15 -115 -15 -115 -5 -105 -10 -110 0 -100 0 -100 10 -90 
75 -25 85 -15 85 -15 95 -5 90 -10 100 0 100 0 110 10 
-35 -135 -25 -125 -25 -125 -15 -115 -20 -120 -10 -110 -10 -110 0 -100 
65 -35 75 -25 75 -25 85 -15 80 -20 90 -10 90 -10 100 0 

301167 / 847861
0 -100 10 -130 10 -90 20 -120 15 -105 25 -75 25 -75 135 -85 
100 0 110 10 110 10 120 20 75 15 105 25 105 25 135 35 
-10 -110 0 -100 0 -100 10 -90 5 -95 15 -85 15 -85 25 -75 
90 -10 100 0 100 0 110 10 105 5 115 15 115 15 125 25 
-10 -110 0 -100 0 -100 10 -90 5 -95 15 -85 15 -85 25 -75 
90 -10 100 0 100 0 110 10 105 5 115 15 115 15 125 25 
-20 -120 -10 -110 -10 -110 0 -100 -5 -105 5 -95 5 -95 15 -85 
80 -20 90 -10 90 -10 100 0 95 -5 105 5 105 5 115 15 
-15 -115 -5 -105 -5 -105 5 -95 0 -100 10 -90 10 -90 20 -80 
85 -15 95 -5 95 -5 105 5 100 0 110 10 110 10 120 20 
-25 -125 -15 -115 -15 -115 -5 -105 -10 -110 0 -100 0 -100 10 -90 
75 -25 85 -15 85 -15 95 -5 90 -10 100 0 100 0 110 10 
-25 -125 -15 -115 -15 -115 -5 -105 -10 -110 0 -100 0 -100 10 -90 
75 -25 85 -15 85 -15 95 -5 90 -10 100 0 100 0 110 10 
-35 -135 -25 -125 -25 -125 -15 -115 -20 -120 -10 -110 -10 -110 0 -100 
65 -35 75 -25 75 -25 85 -15 80 -20 90 -10 90 -10 100 0 

303374 / 847861
0 -100 10 -130 10 -90 20 -120 15 -105 25 -75 25 -75 135 -85 
100 0 110 10 110 10 120 20 75 15 105 25 105 25 115 35 
-10 -110 0 -100 0 -100 10 -90 5 -95 15 -85 15 -85 25 -75 
90 -10 100 0 100 0 110 10 105 5 115 15 115 15 125 25 
-10 -110 0 -100 0 -100 10 -90 5 -95 15 -85 15 -85 25 -75 
90 -10 100 0 100 0 110 10 105 5 115 15 115 15 125 25 
-20 -120 -10 -110 -10 -110 0 -100 -5 -105 5 -95 5 -95 15 -85 
80 -20 90 -10 90 -10 100 0 95 -5 105 5 105 5 115 15 
-15 -115 -5 -105 -5 -105 5 -95 0 -100 10 -90 10 -90 20 -80 
85 -15 95 -5 95 -5 105 5 100 0 110 10 110 10 120 20 
-25 -125 -15 -115 -15 -115 -5 -105 -10 -110 0 -100 0 -100 10 -90 
75 -25 85 -15 85 -15 95 -5 90 -10 100 0 100 0 110 10 
-25 -125 -15 -115 -15 -115 -5 -105 -10 -110 0 -100 0 -100 10 -90 
75 -25 85 -15 85 -15 95 -5 90 -10 100 0 100 0 110 10 
-35 -135 -25 -125 -25 -125 -15 -115 -20 -120 -10 -110 -10 -110 0 -100 
65 -35 75 -25 75 -25 85 -15 80 -20 90 -10 90 -10 100 0 

305604 / 847861
0 -100 10 -130 10 -90 20 -120 15 -105 25 -75 25 -75 135 -85 
100 0 110 10 110 10 120 20 75 15 105 25 105 25 95 35 
-10 -110 0 -100 0 -100 10 -90 5 -95 15 -85 15 -85 25 -75 
90 -10 100 0 100 0 110 10 105 5 115 15 115 15 125 25 
-10 -110 0 -100 0 -100 10 -90 5 -95 15 -85 15 -85 25 -75 
90 -10 100 0 100 0 110 10 105 5 115 15 115 15 125 25 
-20 -120 -10 -110 -10 -110 0 -100 -5 -105 5 -95 5 -95 15 -85 
80 -20 90 -10 90 -10 100 0 95 -5 105 5 105 5 115 15 
-15 -115 -5 -105 -5 -105 5 -95 0 -100 10 -90 10 -90 20 -80 
85 -15 95 -5 95 -5 105 5 100 0 110 10 110 10 120 20 
-25 -125 -15 -115 -15 -115 -5 -105 -10 -110 0 -100 0 -100 10 -90 
75 -25 85 -15 85 -15 95 -5 90 -10 100 0 100 0 110 10 
-25 -125 -15 -115 -15 -115 -5 -105 -10 -110 0 -100 0 -100 10 -90 
75 -25 85 -15 85 -15 95 -5 90 -10 100 0 100 0 110 10 
-35 -135 -25 -125 -25 -125 -15 -115 -20 -120 -10 -110 -10 -110 0 -100 
65 -35 75 -25 75 -25 85 -15 80 -20 90 -10 90 -10 100 0 

306130 / 847861
0 -100 10 -130 10 -90 20 -120 15 -105 25 -75 25 -75 135 -85 
100 0 110 10 110 10 120 20 75 15 105 25 105 25 95 35 
-10 -110 0 -100 0 -80 10 -90 5 -95 15 -85 15 -85 25 -75 
90 -10 100 0 100 0 110 10 105 5 115 15 115 15 125 25 
-10 -110 0 -100 0 -100 10 -90 5 -95 15 -85 15 -85 25 -75 
90 -10 100 0 100 0 110 10 105 5 115 15 115 15 125 25 
-20 -120 -10 -110 -10 -110 0 -100 -5 -105 5 -95 5 -95 15 -85 
80 -20 90 -10 90 -10 100 0 95 -5 105 5 105 5 115 15 
-15 -115 -5 -105 -5 -105 5 -95 0 -100 10 -90 10 -90 20 -80 
85 -15 95 -5 95 -5 105 5 100 0 110 10 110 10 120 20 
-25 -125 -15 -115 -15 -115 -5 -105 -10 -110 0 -100 0 -100 10 -90 
75 -25 85 -15 85 -15 95 -5 90 -10 100 0 100 0 110 10 
-25 -125 -15 -115 -15 -115 -5 -105 -10 -110 0 -100 0 -100 10 -90 
75 -25 85 -15 85 -15 95 -5 90 -10 100 0 100 0 110 10 
-35 -135 -25 -125 -25 -125 -15 -115 -20 -120 -10 -110 -10 -110 0 -100 
65 -35 75 -25 75 -25 85 -15 80 -20 90 -10 90 -10 100 0 

306450 / 847861
0 -100 10 -130 10 -90 20 -120 15 -105 25 -75 25 -75 135 -85 
100 0 110 10 110 10 120 20 75 15 105 25 105 25 95 35 
-10 -110 0 -100 0 -60 10 -90 5 -95 15 -85 15 -85 25 -75 
90 -10 100 0 100 0 110 10 105 5 115 15 115 15 125 25 
-10 -110 0 -100 0 -100 10 -90 5 -95 15 -85 15 -85 25 -75 
90 -10 100 0 100 0 110 10 105 5 115 15 115 15 125 25 
-20 -120 -10 -110 -10 -110 0 -100 -5 -105 5 -95 5 -95 15 -85 
80 -20 90 -10 90 -10 100 0 95 -5 105 5 105 5 115 15 
-15 -115 -5 -105 -5 -105 5 -95 0 -100 10 -90 10 -90 20 -80 
85 -15 95 -5 95 -5 105 5 100 0 110 10 110 10 120 20 
-25 -125 -15 -115 -15 -115 -5 -105 -10 -110 0 -100 0 -100 10 -90 
75 -25 85 -15 85 -15 95 -5 90 -10 100 0 100 0 110 10 
-25 -125 -15 -115 -15 -115 -5 -105 -10 -110 0 -100 0 -100 10 -90 
75 -25 85 -15 85 -15 95 -5 90 -10 100 0 100 0 110 10 
-35 -135 -25 -125 -25 -125 -15 -115 -20 -120 -10 -110 -10 -110 0 -100 
65 -35 75 -25 75 -25 85 -15 80 -20 90 -10 90 -10 100 0 

306494 / 847861
0 -100 10 -130 10 -90 20 -120 15 -105 25 -75 25 -75 135 -85 
100 0 110 10 110 10 120 20 75 15 105 25 105 25 95 35 
-10 -110 0 -100 0 -60 10 -90 5 -75 15 -85 15 -85 25 -75 
90 -10 100 0 100 0 110 10 105 5 115 15 115 15 125 25 
-10 -110 0 -100 0 -100 10 -90 5 -95 15 -85 15 -85 25 -75 
90 -10 100 0 100 0 110 10 105 5 115 15 115 15 125 25 
-20 -120 -10 -110 -10 -110 0 -100 -5 -105 5 -95 5 -95 15 -85 
80 -20 90 -10 90 -10 100 0 95 -5 105 5 105 5 115 15 
-15 -115 -5 -105 -5 -105 5 -95 0 -100 10 -90 10 -90 20 -80 
85 -15 95 -5 95 -5 105 5 100 0 110 10 110 10 120 20 
-25 -125 -15 -115 -15 -115 -5 -105 -10 -110 0 -100 0 -100 10 -90 
75 -25 85 -15 85 -15 95 -5 90 -10 100 0 100 0 110 10 
-25 -125 -15 -115 -15 -115 -5 -105 -10 -110 0 -100 0 -100 10 -90 
75 -25 85 -15 85 -15 95 -5 90 -10 100 0 100 0 110 10 
-35 -135 -25 -125 -25 -125 -15 -115 -20 -120 -10 -110 -10 -110 0 -100 
65 -35 75 -25 75 -25 85 -15 80 -20 90 -10 90 -10 100 0 

306823 / 847861
0 -100 10 -130 10 -90 20 -120 15 -105 25 -75 25 -75 135 -85 
100 0 110 10 110 10 120 20 75 15 105 25 105 25 95 35 
-10 -110 0 -100 0 -60 10 -90 5 -55 15 -85 15 -85 25 -75 
90 -10 100 0 100 0 110 10 105 5 115 15 115 15 125 25 
-10 -110 0 -100 0 -100 10 -90 5 -95 15 -85 15 -85 25 -75 
90 -10 100 0 100 0 110 10 105 5 115 15 115 15 125 25 
-20 -120 -10 -110 -10 -110 0 -100 -5 -105 5 -95 5 -95 15 -85 
80 -20 90 -10 90 -10 100 0 95 -5 105 5 105 5 115 15 
-15 -115 -5 -105 -5 -105 5 -95 0 -100 10 -90 10 -90 20 -80 
85 -15 95 -5 95 -5 105 5 100 0 110 10 110 10 120 20 
-25 -125 -15 -115 -15 -115 -5 -105 -10 -110 0 -100 0 -100 10 -90 
75 -25 85 -15 85 -15 95 -5 90 -10 100 0 100 0 110 10 
-25 -125 -15 -115 -15 -115 -5 -105 -10 -110 0 -100 0 -100 10 -90 
75 -25 85 -15 85 -15 95 -5 90 -10 100 0 100 0 110 10 
-35 -135 -25 -125 -25 -125 -15 -115 -20 -120 -10 -110 -10 -110 0 -100 
65 -35 75 -25 75 -25 85 -15 80 -20 90 -10 90 -10 100 0 

308480 / 847861
0 -100 10 -130 10 -90 20 -120 15 -105 25 -75 25 -75 135 -85 
100 0 110 10 110 10 120 20 75 15 105 25 105 25 95 35 
-10 -110 0 -100 0 -60 10 -90 5 -35 15 -85 15 -85 25 -75 
90 -10 100 0 100 0 110 10 105 5 115 15 115 15 125 25 
-10 -110 0 -100 0 -100 10 -90 5 -95 15 -85 15 -85 25 -75 
90 -10 100 0 100 0 110 10 105 5 115 15 115 15 125 25 
-20 -120 -10 -110 -10 -110 0 -100 -5 -105 5 -95 5 -95 15 -85 
80 -20 90 -10 90 -10 100 0 95 -5 105 5 105 5 115 15 
-15 -115 -5 -105 -5 -105 5 -95 0 -100 10 -90 10 -90 20 -80 
85 -15 95 -5 95 -5 105 5 100 0 110 10 110 10 120 20 
-25 -125 -15 -115 -15 -115 -5 -105 -10 -110 0 -100 0 -100 10 -90 
75 -25 85 -15 85 -15 95 -5 90 -10 100 0 100 0 110 10 
-25 -125 -15 -115 -15 -115 -5 -105 -10 -110 0 -100 0 -100 10 -90 
75 -25 85 -15 85 -15 95 -5 90 -10 100 0 100 0 110 10 
-35 -135 -25 -125 -25 -125 -15 -115 -20 -120 -10 -110 -10 -110 0 -100 
65 -35 75 -25 75 -25 85 -15 80 -20 90 -10 90 -10 100 0 

308984 / 847861
0 -100 10 -130 10 -90 20 -120 15 -105 25 -75 25 -75 135 -85 
100 0 110 10 110 10 120 20 75 15 105 25 105 25 95 35 
-10 -110 0 -100 0 -60 10 -90 5 -15 15 -85 15 -85 25 -75 
90 -10 100 0 100 0 110 10 105 5 115 15 115 15 125 25 
-10 -110 0 -100 0 -100 10 -90 5 -95 15 -85 15 -85 25 -75 
90 -10 100 0 100 0 110 10 105 5 115 15 115 15 125 25 
-20 -120 -10 -110 -10 -110 0 -100 -5 -105 5 -95 5 -95 15 -85 
80 -20 90 -10 90 -10 100 0 95 -5 105 5 105 5 115 15 
-15 -115 -5 -105 -5 -105 5 -95 0 -100 10 -90 10 -90 20 -80 
85 -15 95 -5 95 -5 105 5 100 0 110 10 110 10 120 20 
-25 -125 -15 -115 -15 -115 -5 -105 -10 -110 0 -100 0 -100 10 -90 
75 -25 85 -15 85 -15 95 -5 90 -10 100 0 100 0 110 10 
-25 -125 -15 -115 -15 -115 -5 -105 -10 -110 0 -100 0 -100 10 -90 
75 -25 85 -15 85 -15 95 -5 90 -10 100 0 100 0 110 10 
-35 -135 -25 -125 -25 -125 -15 -115 -20 -120 -10 -110 -10 -110 0 -100 
65 -35 75 -25 75 -25 85 -15 80 -20 90 -10 90 -10 100 0 

309277 / 847861
0 -100 10 -130 10 -90 20 -120 15 -105 25 -75 25 -75 135 -85 
100 0 110 10 110 10 120 20 75 15 105 25 105 25 95 35 
-10 -110 0 -100 0 -60 10 -90 5 -15 15 -85 35 -85 25 -75 
90 -10 100 0 100 0 110 10 105 5 115 15 115 15 125 25 
-10 -110 0 -100 0 -100 10 -90 5 -95 15 -85 15 -85 25 -75 
90 -10 100 0 100 0 110 10 105 5 115 15 115 15 125 25 
-20 -120 -10 -110 -10 -110 0 -100 -5 -105 5 -95 5 -95 15 -85 
80 -20 90 -10 90 -10 100 0 95 -5 105 5 105 5 115 15 
-15 -115 -5 -105 -5 -105 5 -95 0 -100 10 -90 10 -90 20 -80 
85 -15 95 -5 95 -5 105 5 100 0 110 10 110 10 120 20 
-25 -125 -15 -115 -15 -115 -5 -105 -10 -110 0 -100 0 -100 10 -90 
75 -25 85 -15 85 -15 95 -5 90 -10 100 0 100 0 110 10 
-25 -125 -15 -115 -15 -115 -5 -105 -10 -110 0 -100 0 -100 10 -90 
75 -25 85 -15 85 -15 95 -5 90 -10 100 0 100 0 110 10 
-35 -135 -25 -125 -25 -125 -15 -115 -20 -120 -10 -110 -10 -110 0 -100 
65 -35 75 -25 75 -25 85 -15 80 -20 90 -10 90 -10 100 0 

309459 / 847861
0 -100 10 -130 10 -90 20 -120 15 -105 25 -75 25 -75 135 -85 
100 0 110 10 110 10 120 20 75 15 105 25 105 25 95 35 
-10 -110 0 -100 0 -60 10 -90 5 -15 15 -85 35 -105 25 -75 
90 -10 100 0 100 0 110 10 105 5 115 15 115 15 125 25 
-10 -110 0 -100 0 -100 10 -90 5 -95 15 -85 15 -85 25 -75 
90 -10 100 0 100 0 110 10 105 5 115 15 115 15 125 25 
-20 -120 -10 -110 -10 -110 0 -100 -5 -105 5 -95 5 -95 15 -85 
80 -20 90 -10 90 -10 100 0 95 -5 105 5 105 5 115 15 
-15 -115 -5 -105 -5 -105 5 -95 0 -100 10 -90 10 -90 20 -80 
85 -15 95 -5 95 -5 105 5 100 0 110 10 110 10 120 20 
-25 -125 -15 -115 -15 -115 -5 -105 -10 -110 0 -100 0 -100 10 -90 
75 -25 85 -15 85 -15 95 -5 90 -10 100 0 100 0 110 10 
-25 -125 -15 -115 -15 -115 -5 -105 -10 -110 0 -100 0 -100 10 -90 
75 -25 85 -15 85 -15 95 -5 90 -10 100 0 100 0 110 10 
-35 -135 -25 -125 -25 -125 -15 -115 -20 -120 -10 -110 -10 -110 0 -100 
65 -35 75 -25 75 -25 85 -15 80 -20 90 -10 90 -10 100 0 

309605 / 847861
0 -100 10 -130 10 -90 20 -120 15 -105 25 -75 25 -75 135 -85 
100 0 110 10 110 10 120 20 75 15 105 25 105 25 95 35 
-10 -110 0 -100 0 -60 10 -90 5 -15 15 -85 35 -125 25 -75 
90 -10 100 0 100 0 110 10 105 5 115 15 115 15 125 25 
-10 -110 0 -100 0 -100 10 -90 5 -95 15 -85 15 -85 25 -75 
90 -10 100 0 100 0 110 10 105 5 115 15 115 15 125 25 
-20 -120 -10 -110 -10 -110 0 -100 -5 -105 5 -95 5 -95 15 -85 
80 -20 90 -10 90 -10 100 0 95 -5 105 5 105 5 115 15 
-15 -115 -5 -105 -5 -105 5 -95 0 -100 10 -90 10 -90 20 -80 
85 -15 95 -5 95 -5 105 5 100 0 110 10 110 10 120 20 
-25 -125 -15 -115 -15 -115 -5 -105 -10 -110 0 -100 0 -100 10 -90 
75 -25 85 -15 85 -15 95 -5 90 -10 100 0 100 0 110 10 
-25 -125 -15 -115 -15 -115 -5 -105 -10 -110 0 -100 0 -100 10 -90 
75 -25 85 -15 85 -15 95 -5 90 -10 100 0 100 0 110 10 
-35 -135 -25 -125 -25 -125 -15 -115 -20 -120 -10 -110 -10 -110 0 -100 
65 -35 75 -25 75 -25 85 -15 80 -20 90 -10 90 -10 100 0 

312151 / 847861
0 -100 10 -130 10 -90 20 -120 15 -105 25 -75 25 -75 135 -85 
100 0 110 10 110 10 120 20 75 15 105 25 105 25 95 35 
-10 -110 0 -100 0 -60 10 -90 5 -15 15 -85 35 -125 25 -75 
90 -10 100 0 100 0 110 10 105 5 115 15 95 15 125 25 
-10 -110 0 -100 0 -100 10 -90 5 -95 15 -85 15 -85 25 -75 
90 -10 100 0 100 0 110 10 105 5 115 15 115 15 125 25 
-20 -120 -10 -110 -10 -110 0 -100 -5 -105 5 -95 5 -95 15 -85 
80 -20 90 -10 90 -10 100 0 95 -5 105 5 105 5 115 15 
-15 -115 -5 -105 -5 -105 5 -95 0 -100 10 -90 10 -90 20 -80 
85 -15 95 -5 95 -5 105 5 100 0 110 10 110 10 120 20 
-25 -125 -15 -115 -15 -115 -5 -105 -10 -110 0 -100 0 -100 10 -90 
75 -25 85 -15 85 -15 95 -5 90 -10 100 0 100 0 110 10 
-25 -125 -15 -115 -15 -115 -5 -105 -10 -110 0 -100 0 -100 10 -90 
75 -25 85 -15 85 -15 95 -5 90 -10 100 0 100 0 110 10 
-35 -135 -25 -125 -25 -125 -15 -115 -20 -120 -10 -110 -10 -110 0 -100 
65 -35 75 -25 75 -25 85 -15 80 -20 90 -10 90 -10 100 0 

314395 / 847861
0 -100 10 -130 10 -90 20 -120 15 -105 25 -75 25 -75 135 -85 
100 0 110 10 110 10 120 20 75 15 105 25 105 25 95 35 
-10 -110 0 -100 0 -60 10 -90 5 -15 15 -85 35 -125 25 -75 
90 -10 100 0 100 0 110 10 105 5 115 15 75 15 125 25 
-10 -110 0 -100 0 -100 10 -90 5 -95 15 -85 15 -85 25 -75 
90 -10 100 0 100 0 110 10 105 5 115 15 115 15 125 25 
-20 -120 -10 -110 -10 -110 0 -100 -5 -105 5 -95 5 -95 15 -85 
80 -20 90 -10 90 -10 100 0 95 -5 105 5 105 5 115 15 
-15 -115 -5 -105 -5 -105 5 -95 0 -100 10 -90 10 -90 20 -80 
85 -15 95 -5 95 -5 105 5 100 0 110 10 110 10 120 20 
-25 -125 -15 -115 -15 -115 -5 -105 -10 -110 0 -100 0 -100 10 -90 
75 -25 85 -15 85 -15 95 -5 90 -10 100 0 100 0 110 10 
-25 -125 -15 -115 -15 -115 -5 -105 -10 -110 0 -100 0 -100 10 -90 
75 -25 85 -15 85 -15 95 -5 90 -10 100 0 100 0 110 10 
-35 -135 -25 -125 -25 -125 -15 -115 -20 -120 -10 -110 -10 -110 0 -100 
65 -35 75 -25 75 -25 85 -15 80 -20 90 -10 90 -10 100 0 

314824 / 847861
0 -100 10 -130 10 -90 20 -120 15 -105 25 -75 25 -75 135 -85 
100 0 110 10 110 10 120 20 75 15 105 25 105 25 95 35 
-10 -110 0 -100 0 -60 10 -90 5 -15 15 -85 35 -125 25 -75 
90 -10 100 0 100 0 110 10 105 5 115 15 75 15 125 25 
-10 -110 0 -80 0 -100 10 -90 5 -95 15 -85 15 -85 25 -75 
90 -10 100 0 100 0 110 10 105 5 115 15 115 15 125 25 
-20 -120 -10 -110 -10 -110 0 -100 -5 -105 5 -95 5 -95 15 -85 
80 -20 90 -10 90 -10 100 0 95 -5 105 5 105 5 115 15 
-15 -115 -5 -105 -5 -105 5 -95 0 -100 10 -90 10 -90 20 -80 
85 -15 95 -5 95 -5 105 5 100 0 110 10 110 10 120 20 
-25 -125 -15 -115 -15 -115 -5 -105 -10 -110 0 -100 0 -100 10 -90 
75 -25 85 -15 85 -15 95 -5 90 -10 100 0 100 0 110 10 
-25 -125 -15 -115 -15 -115 -5 -105 -10 -110 0 -100 0 -100 10 -90 
75 -25 85 -15 85 -15 95 -5 90 -10 100 0 100 0 110 10 
-35 -135 -25 -125 -25 -125 -15 -115 -20 -120 -10 -110 -10 -110 0 -100 
65 -35 75 -25 75 -25 85 -15 80 -20 90 -10 90 -10 100 0 

314979 / 847861
0 -100 10 -130 10 -90 20 -120 15 -105 25 -75 25 -75 135 -85 
100 0 110 10 110 10 120 20 75 15 105 25 105 25 95 35 
-10 -110 0 -100 0 -60 10 -90 5 -15 15 -85 35 -125 25 -75 
90 -10 100 0 100 0 110 10 105 5 115 15 75 15 125 25 
-10 -110 0 -60 0 -100 10 -90 5 -95 15 -85 15 -85 25 -75 
90 -10 100 0 100 0 110 10 105 5 115 15 115 15 125 25 
-20 -120 -10 -110 -10 -110 0 -100 -5 -105 5 -95 5 -95 15 -85 
80 -20 90 -10 90 -10 100 0 95 -5 105 5 105 5 115 15 
-15 -115 -5 -105 -5 -105 5 -95 0 -100 10 -90 10 -90 20 -80 
85 -15 95 -5 95 -5 105 5 100 0 110 10 110 10 120 20 
-25 -125 -15 -115 -15 -115 -5 -105 -10 -110 0 -100 0 -100 10 -90 
75 -25 85 -15 85 -15 95 -5 90 -10 100 0 100 0 110 10 
-25 -125 -15 -115 -15 -115 -5 -105 -10 -110 0 -100 0 -100 10 -90 
75 -25 85 -15 85 -15 95 -5 90 -10 100 0 100 0 110 10 
-35 -135 -25 -125 -25 -125 -15 -115 -20 -120 -10 -110 -10 -110 0 -100 
65 -35 75 -25 75 -25 85 -15 80 -20 90 -10 90 -10 100 0 

315026 / 847861
0 -100 10 -130 10 -90 20 -120 15 -105 25 -75 25 -75 135 -85 
100 0 110 10 110 10 120 20 75 15 105 25 105 25 95 35 
-10 -110 0 -100 0 -60 10 -90 5 -15 15 -85 35 -125 25 -75 
90 -10 100 0 100 0 110 10 105 5 115 15 75 15 125 25 
-10 -110 0 -40 0 -100 10 -90 5 -95 15 -85 15 -85 25 -75 
90 -10 100 0 100 0 110 10 105 5 115 15 115 15 125 25 
-20 -120 -10 -110 -10 -110 0 -100 -5 -105 5 -95 5 -95 15 -85 
80 -20 90 -10 90 -10 100 0 95 -5 105 5 105 5 115 15 
-15 -115 -5 -105 -5 -105 5 -95 0 -100 10 -90 10 -90 20 -80 
85 -15 95 -5 95 -5 105 5 100 0 110 10 110 10 120 20 
-25 -125 -15 -115 -15 -115 -5 -105 -10 -110 0 -100 0 -100 10 -90 
75 -25 85 -15 85 -15 95 -5 90 -10 100 0 100 0 110 10 
-25 -125 -15 -115 -15 -115 -5 -105 -10 -110 0 -100 0 -100 10 -90 
75 -25 85 -15 85 -15 95 -5 90 -10 100 0 100 0 110 10 
-35 -135 -25 -125 -25 -125 -15 -115 -20 -120 -10 -110 -10 -110 0 -100 
65 -35 75 -25 75 -25 85 -15 80 -20 90 -10 90 -10 100 0 

315070 / 847861
0 -100 10 -130 10 -90 20 -120 15 -105 25 -75 25 -75 135 -85 
100 0 110 10 110 10 120 20 75 15 105 25 105 25 95 35 
-10 -110 0 -100 0 -60 10 -90 5 -15 15 -85 35 -125 25 -75 
90 -10 100 0 100 0 110 10 105 5 115 15 75 15 125 25 
-10 -110 0 -20 0 -100 10 -90 5 -95 15 -85 15 -85 25 -75 
90 -10 100 0 100 0 110 10 105 5 115 15 115 15 125 25 
-20 -120 -10 -110 -10 -110 0 -100 -5 -105 5 -95 5 -95 15 -85 
80 -20 90 -10 90 -10 100 0 95 -5 105 5 105 5 115 15 
-15 -115 -5 -105 -5 -105 5 -95 0 -100 10 -90 10 -90 20 -80 
85 -15 95 -5 95 -5 105 5 100 0 110 10 110 10 120 20 
-25 -125 -15 -115 -15 -115 -5 -105 -10 -110 0 -100 0 -100 10 -90 
75 -25 85 -15 85 -15 95 -5 90 -10 100 0 100 0 110 10 
-25 -125 -15 -115 -15 -115 -5 -105 -10 -110 0 -100 0 -100 10 -90 
75 -25 85 -15 85 -15 95 -5 90 -10 100 0 100 0 110 10 
-35 -135 -25 -125 -25 -125 -15 -115 -20 -120 -10 -110 -10 -110 0 -100 
65 -35 75 -25 75 -25 85 -15 80 -20 90 -10 90 -10 100 0 

315096 / 847861
0 -100 10 -130 10 -90 20 -120 15 -105 25 -75 25 -75 135 -85 
100 0 110 10 110 10 120 20 75 15 105 25 105 25 95 35 
-10 -110 0 -100 0 -60 10 -90 5 -15 15 -85 35 -125 25 -75 
90 -10 100 0 100 0 110 10 105 5 115 15 75 15 125 25 
-10 -110 0 0 0 -100 10 -90 5 -95 15 -85 15 -85 25 -75 
90 -10 100 0 100 0 110 10 105 5 115 15 115 15 125 25 
-20 -120 -10 -110 -10 -110 0 -100 -5 -105 5 -95 5 -95 15 -85 
80 -20 90 -10 90 -10 100 0 95 -5 105 5 105 5 115 15 
-15 -115 -5 -105 -5 -105 5 -95 0 -100 10 -90 10 -90 20 -80 
85 -15 95 -5 95 -5 105 5 100 0 110 10 110 10 120 20 
-25 -125 -15 -115 -15 -115 -5 -105 -10 -110 0 -100 0 -100 10 -90 
75 -25 85 -15 85 -15 95 -5 90 -10 100 0 100 0 110 10 
-25 -125 -15 -115 -15 -115 -5 -105 -10 -110 0 -100 0 -100 10 -90 
75 -25 85 -15 85 -15 95 -5 90 -10 100 0 100 0 110 10 
-35 -135 -25 -125 -25 -125 -15 -115 -20 -120 -10 -110 -10 -110 0 -100 
65 -35 75 -25 75 -25 85 -15 80 -20 90 -10 90 -10 100 0 

315179 / 847861
0 -100 10 -130 10 -90 20 -120 15 -105 25 -75 25 -75 135 -85 
100 0 110 10 110 10 120 20 75 15 105 25 105 25 95 35 
-10 -110 0 -100 0 -60 10 -90 5 -15 15 -85 35 -125 25 -75 
90 -10 100 0 100 0 110 10 105 5 115 15 75 15 125 25 
-10 -110 0 0 0 -100 10 -90 5 -75 15 -85 15 -85 25 -75 
90 -10 100 0 100 0 110 10 105 5 115 15 115 15 125 25 
-20 -120 -10 -110 -10 -110 0 -100 -5 -105 5 -95 5 -95 15 -85 
80 -20 90 -10 90 -10 100 0 95 -5 105 5 105 5 115 15 
-15 -115 -5 -105 -5 -105 5 -95 0 -100 10 -90 10 -90 20 -80 
85 -15 95 -5 95 -5 105 5 100 0 110 10 110 10 120 20 
-25 -125 -15 -115 -15 -115 -5 -105 -10 -110 0 -100 0 -100 10 -90 
75 -25 85 -15 85 -15 95 -5 90 -10 100 0 100 0 110 10 
-25 -125 -15 -115 -15 -115 -5 -105 -10 -110 0 -100 0 -100 10 -90 
75 -25 85 -15 85 -15 95 -5 90 -10 100 0 100 0 110 10 
-35 -135 -25 -125 -25 -125 -15 -115 -20 -120 -10 -110 -10 -110 0 -100 
65 -35 75 -25 75 -25 85 -15 80 -20 90 -10 90 -10 100 0 

315438 / 847861
0 -100 10 -130 10 -90 20 -120 15 -105 25 -75 25 -75 135 -85 
100 0 110 10 110 10 120 20 75 15 105 25 105 25 95 35 
-10 -110 0 -100 0 -60 10 -90 5 -15 15 -85 35 -125 25 -75 
90 -10 100 0 100 0 110 10 105 5 115 15 75 15 125 25 
-10 -110 0 0 0 -100 10 -90 5 -55 15 -85 15 -85 25 -75 
90 -10 100 0 100 0 110 10 105 5 115 15 115 15 125 25 
-20 -120 -10 -110 -10 -110 0 -100 -5 -105 5 -95 5 -95 15 -85 
80 -20 90 -10 90 -10 100 0 95 -5 105 5 105 5 115 15 
-15 -115 -5 -105 -5 -105 5 -95 0 -100 10 -90 10 -90 20 -80 
85 -15 95 -5 95 -5 105 5 100 0 110 10 110 10 120 20 
-25 -125 -15 -115 -15 -115 -5 -105 -10 -110 0 -100 0 -100 10 -90 
75 -25 85 -15 85 -15 95 -5 90 -10 100 0 100 0 110 10 
-25 -125 -15 -115 -15 -115 -5 -105 -10 -110 0 -100 0 -100 10 -90 
75 -25 85 -15 85 -15 95 -5 90 -10 100 0 100 0 110 10 
-35 -135 -25 -125 -25 -125 -15 -115 -20 -120 -10 -110 -10 -110 0 -100 
65 -35 75 -25 75 -25 85 -15 80 -20 90 -10 90 -10 100 0 

316948 / 847861
0 -100 10 -130 10 -90 20 -120 15 -105 25 -75 25 -75 135 -85 
100 0 110 10 110 10 120 20 75 15 105 25 105 25 95 35 
-10 -110 0 -100 0 -60 10 -90 5 -15 15 -85 35 -125 25 -75 
90 -10 100 0 100 0 110 10 105 5 115 15 75 15 125 25 
-10 -110 0 0 0 -100 10 -90 5 -35 15 -85 15 -85 25 -75 
90 -10 100 0 100 0 110 10 105 5 115 15 115 15 125 25 
-20 -120 -10 -110 -10 -110 0 -100 -5 -105 5 -95 5 -95 15 -85 
80 -20 90 -10 90 -10 100 0 95 -5 105 5 105 5 115 15 
-15 -115 -5 -105 -5 -105 5 -95 0 -100 10 -90 10 -90 20 -80 
85 -15 95 -5 95 -5 105 5 100 0 110 10 110 10 120 20 
-25 -125 -15 -115 -15 -115 -5 -105 -10 -110 0 -100 0 -100 10 -90 
75 -25 85 -15 85 -15 95 -5 90 -10 100 0 100 0 110 10 
-25 -125 -15 -115 -15 -115 -5 -105 -10 -110 0 -100 0 -100 10 -90 
75 -25 85 -15 85 -15 95 -5 90 -10 100 0 100 0 110 10 
-35 -135 -25 -125 -25 -125 -15 -115 -20 -120 -10 -110 -10 -110 0 -100 
65 -35 75 -25 75 -25 85 -15 80 -20 90 -10 90 -10 100 0 

317605 / 847861
0 -100 10 -130 10 -90 20 -120 15 -105 25 -75 25 -75 135 -85 
100 0 110 10 110 10 120 20 75 15 105 25 105 25 95 35 
-10 -110 0 -100 0 -60 10 -90 5 -15 15 -85 35 -125 25 -75 
90 -10 100 0 100 0 110 10 105 5 115 15 75 15 125 25 
-10 -110 0 0 0 -100 10 -90 5 -35 35 -85 15 -85 25 -75 
90 -10 100 0 100 0 110 10 105 5 115 15 115 15 125 25 
-20 -120 -10 -110 -10 -110 0 -100 -5 -105 5 -95 5 -95 15 -85 
80 -20 90 -10 90 -10 100 0 95 -5 105 5 105 5 115 15 
-15 -115 -5 -105 -5 -105 5 -95 0 -100 10 -90 10 -90 20 -80 
85 -15 95 -5 95 -5 105 5 100 0 110 10 110 10 120 20 
-25 -125 -15 -115 -15 -115 -5 -105 -10 -110 0 -100 0 -100 10 -90 
75 -25 85 -15 85 -15 95 -5 90 -10 100 0 100 0 110 10 
-25 -125 -15 -115 -15 -115 -5 -105 -10 -110 0 -100 0 -100 10 -90 
75 -25 85 -15 85 -15 95 -5 90 -10 100 0 100 0 110 10 
-35 -135 -25 -125 -25 -125 -15 -115 -20 -120 -10 -110 -10 -110 0 -100 
65 -35 75 -25 75 -25 85 -15 80 -20 90 -10 90 -10 100 0 

317631 / 847861
0 -100 10 -130 10 -90 20 -120 15 -105 25 -75 25 -75 135 -85 
100 0 110 10 110 10 120 20 75 15 105 25 105 25 95 35 
-10 -110 0 -100 0 -60 10 -90 5 -15 15 -85 35 -125 25 -75 
90 -10 100 0 100 0 110 10 105 5 115 15 75 15 125 25 
-10 -110 0 0 0 -100 10 -90 5 -35 55 -85 15 -85 25 -75 
90 -10 100 0 100 0 110 10 105 5 115 15 115 15 125 25 
-20 -120 -10 -110 -10 -110 0 -100 -5 -105 5 -95 5 -95 15 -85 
80 -20 90 -10 90 -10 100 0 95 -5 105 5 105 5 115 15 
-15 -115 -5 -105 -5 -105 5 -95 0 -100 10 -90 10 -90 20 -80 
85 -15 95 -5 95 -5 105 5 100 0 110 10 110 10 120 20 
-25 -125 -15 -115 -15 -115 -5 -105 -10 -110 0 -100 0 -100 10 -90 
75 -25 85 -15 85 -15 95 -5 90 -10 100 0 100 0 110 10 
-25 -125 -15 -115 -15 -115 -5 -105 -10 -110 0 -100 0 -100 10 -90 
75 -25 85 -15 85 -15 95 -5 90 -10 100 0 100 0 110 10 
-35 -135 -25 -125 -25 -125 -15 -115 -20 -120 -10 -110 -10 -110 0 -100 
65 -35 75 -25 75 -25 85 -15 80 -20 90 -10 90 -10 100 0 

317648 / 847861
0 -100 10 -130 10 -90 20 -120 15 -105 25 -75 25 -75 135 -85 
100 0 110 10 110 10 120 20 75 15 105 25 105 25 95 35 
-10 -110 0 -100 0 -60 10 -90 5 -15 15 -85 35 -125 25 -75 
90 -10 100 0 100 0 110 10 105 5 115 15 75 15 125 25 
-10 -110 0 0 0 -100 10 -90 5 -35 75 -85 15 -85 25 -75 
90 -10 100 0 100 0 110 10 105 5 115 15 115 15 125 25 
-20 -120 -10 -110 -10 -110 0 -100 -5 -105 5 -95 5 -95 15 -85 
80 -20 90 -10 90 -10 100 0 95 -5 105 5 105 5 115 15 
-15 -115 -5 -105 -5 -105 5 -95 0 -100 10 -90 10 -90 20 -80 
85 -15 95 -5 95 -5 105 5 100 0 110 10 110 10 120 20 
-25 -125 -15 -115 -15 -115 -5 -105 -10 -110 0 -100 0 -100 10 -90 
75 -25 85 -15 85 -15 95 -5 90 -10 100 0 100 0 110 10 
-25 -125 -15 -115 -15 -115 -5 -105 -10 -110 0 -100 0 -100 10 -90 
75 -25 85 -15 85 -15 95 -5 90 -10 100 0 100 0 110 10 
-35 -135 -25 -125 -25 -125 -15 -115 -20 -120 -10 -110 -10 -110 0 -100 
65 -35 75 -25 75 -25 85 -15 80 -20 90 -10 90 -10 100 0 

317651 / 847861
0 -100 10 -130 10 -90 20 -120 15 -105 25 -75 25 -75 135 -85 
100 0 110 10 110 10 120 20 75 15 105 25 105 25 95 35 
-10 -110 0 -100 0 -60 10 -90 5 -15 15 -85 35 -125 25 -75 
90 -10 100 0 100 0 110 10 105 5 115 15 75 15 125 25 
-10 -110 0 0 0 -100 10 -90 5 -35 95 -85 15 -85 25 -75 
90 -10 100 0 100 0 110 10 105 5 115 15 115 15 125 25 
-20 -120 -10 -110 -10 -110 0 -100 -5 -105 5 -95 5 -95 15 -85 
80 -20 90 -10 90 -10 100 0 95 -5 105 5 105 5 115 15 
-15 -115 -5 -105 -5 -105 5 -95 0 -100 10 -90 10 -90 20 -80 
85 -15 95 -5 95 -5 105 5 100 0 110 10 110 10 120 20 
-25 -125 -15 -115 -15 -115 -5 -105 -10 -110 0 -100 0 -100 10 -90 
75 -25 85 -15 85 -15 95 -5 90 -10 100 0 100 0 110 10 
-25 -125 -15 -115 -15 -115 -5 -105 -10 -110 0 -100 0 -100 10 -90 
75 -25 85 -15 85 -15 95 -5 90 -10 100 0 100 0 110 10 
-35 -135 -25 -125 -25 -125 -15 -115 -20 -120 -10 -110 -10 -110 0 -100 
65 -35 75 -25 75 -25 85 -15 80 -20 90 -10 90 -10 100 0 

317657 / 847861
0 -100 10 -130 10 -90 20 -120 15 -105 25 -75 25 -75 135 -85 
100 0 110 10 110 10 120 20 75 15 105 25 105 25 95 35 
-10 -110 0 -100 0 -60 10 -90 5 -15 15 -85 35 -125 25 -75 
90 -10 100 0 100 0 110 10 105 5 115 15 75 15 125 25 
-10 -110 0 0 0 -100 10 -90 5 -35 115 -85 15 -85 25 -75 
90 -10 100 0 100 0 110 10 105 5 115 15 115 15 125 25 
-20 -120 -10 -110 -10 -110 0 -100 -5 -105 5 -95 5 -95 15 -85 
80 -20 90 -10 90 -10 100 0 95 -5 105 5 105 5 115 15 
-15 -115 -5 -105 -5 -105 5 -95 0 -100 10 -90 10 -90 20 -80 
85 -15 95 -5 95 -5 105 5 100 0 110 10 110 10 120 20 
-25 -125 -15 -115 -15 -115 -5 -105 -10 -110 0 -100 0 -100 10 -90 
75 -25 85 -15 85 -15 95 -5 90 -10 100 0 100 0 110 10 
-25 -125 -15 -115 -15 -115 -5 -105 -10 -110 0 -100 0 -100 10 -90 
75 -25 85 -15 85 -15 95 -5 90 -10 100 0 100 0 110 10 
-35 -135 -25 -125 -25 -125 -15 -115 -20 -120 -10 -110 -10 -110 0 -100 
65 -35 75 -25 75 -25 85 -15 80 -20 90 -10 90 -10 100 0 

318009 / 847861
0 -100 10 -130 10 -90 20 -120 15 -105 25 -75 25 -75 135 -85 
100 0 110 10 110 10 120 20 75 15 105 25 105 25 95 35 
-10 -110 0 -100 0 -60 10 -90 5 -15 15 -85 35 -125 25 -75 
90 -10 100 0 100 0 110 10 105 5 115 15 75 15 125 25 
-10 -110 0 0 0 -100 10 -90 5 -35 115 -105 15 -85 25 -75 
90 -10 100 0 100 0 110 10 105 5 115 15 115 15 125 25 
-20 -120 -10 -110 -10 -110 0 -100 -5 -105 5 -95 5 -95 15 -85 
80 -20 90 -10 90 -10 100 0 95 -5 105 5 105 5 115 15 
-15 -115 -5 -105 -5 -105 5 -95 0 -100 10 -90 10 -90 20 -80 
85 -15 95 -5 95 -5 105 5 100 0 110 10 110 10 120 20 
-25 -125 -15 -115 -15 -115 -5 -105 -10 -110 0 -100 0 -100 10 -90 
75 -25 85 -15 85 -15 95 -5 90 -10 100 0 100 0 110 10 
-25 -125 -15 -115 -15 -115 -5 -105 -10 -110 0 -100 0 -100 10 -90 
75 -25 85 -15 85 -15 95 -5 90 -10 100 0 100 0 110 10 
-35 -135 -25 -125 -25 -125 -15 -115 -20 -120 -10 -110 -10 -110 0 -100 
65 -35 75 -25 75 -25 85 -15 80 -20 90 -10 90 -10 100 0 

318128 / 847861
0 -100 10 -130 10 -90 20 -120 15 -105 25 -75 25 -75 135 -85 
100 0 110 10 110 10 120 20 75 15 105 25 105 25 95 35 
-10 -110 0 -100 0 -60 10 -90 5 -15 15 -85 35 -125 25 -75 
90 -10 100 0 100 0 110 10 105 5 115 15 75 15 125 25 
-10 -110 0 0 0 -100 10 -90 5 -35 115 -125 15 -85 25 -75 
90 -10 100 0 100 0 110 10 105 5 115 15 115 15 125 25 
-20 -120 -10 -110 -10 -110 0 -100 -5 -105 5 -95 5 -95 15 -85 
80 -20 90 -10 90 -10 100 0 95 -5 105 5 105 5 115 15 
-15 -115 -5 -105 -5 -105 5 -95 0 -100 10 -90 10 -90 20 -80 
85 -15 95 -5 95 -5 105 5 100 0 110 10 110 10 120 20 
-25 -125 -15 -115 -15 -115 -5 -105 -10 -110 0 -100 0 -100 10 -90 
75 -25 85 -15 85 -15 95 -5 90 -10 100 0 100 0 110 10 
-25 -125 -15 -115 -15 -115 -5 -105 -10 -110 0 -100 0 -100 10 -90 
75 -25 85 -15 85 -15 95 -5 90 -10 100 0 100 0 110 10 
-35 -135 -25 -125 -25 -125 -15 -115 -20 -120 -10 -110 -10 -110 0 -100 
65 -35 75 -25 75 -25 85 -15 80 -20 90 -10 90 -10 100 0 

318243 / 847861
0 -100 10 -130 10 -90 20 -120 15 -105 25 -75 25 -75 135 -85 
100 0 110 10 110 10 120 20 75 15 105 25 105 25 95 35 
-10 -110 0 -100 0 -60 10 -90 5 -15 15 -85 35 -125 25 -75 
90 -10 100 0 100 0 110 10 105 5 115 15 75 15 125 25 
-10 -110 0 0 0 -100 10 -90 5 -35 115 -125 15 -85 25 -75 
90 -10 100 0 100 0 110 10 125 5 115 15 115 15 125 25 
-20 -120 -10 -110 -10 -110 0 -100 -5 -105 5 -95 5 -95 15 -85 
80 -20 90 -10 90 -10 100 0 95 -5 105 5 105 5 115 15 
-15 -115 -5 -105 -5 -105 5 -95 0 -100 10 -90 10 -90 20 -80 
85 -15 95 -5 95 -5 105 5 100 0 110 10 110 10 120 20 
-25 -125 -15 -115 -15 -115 -5 -105 -10 -110 0 -100 0 -100 10 -90 
75 -25 85 -15 85 -15 95 -5 90 -10 100 0 100 0 110 10 
-25 -125 -15 -115 -15 -115 -5 -105 -10 -110 0 -100 0 -100 10 -90 
75 -25 85 -15 85 -15 95 -5 90 -10 100 0 100 0 110 10 
-35 -135 -25 -125 -25 -125 -15 -115 -20 -120 -10 -110 -10 -110 0 -100 
65 -35 75 -25 75 -25 85 -15 80 -20 90 -10 90 -10 100 0 

318270 / 847861
0 -100 10 -130 10 -90 20 -120 15 -105 25 -75 25 -75 135 -85 
100 0 110 10 110 10 120 20 75 15 105 25 105 25 95 35 
-10 -110 0 -100 0 -60 10 -90 5 -15 15 -85 35 -125 25 -75 
90 -10 100 0 100 0 110 10 105 5 115 15 75 15 125 25 
-10 -110 0 0 0 -100 10 -90 5 -35 115 -125 15 -85 25 -75 
90 -10 100 0 100 0 110 10 145 5 115 15 115 15 125 25 
-20 -120 -10 -110 -10 -110 0 -100 -5 -105 5 -95 5 -95 15 -85 
80 -20 90 -10 90 -10 100 0 95 -5 105 5 105 5 115 15 
-15 -115 -5 -105 -5 -105 5 -95 0 -100 10 -90 10 -90 20 -80 
85 -15 95 -5 95 -5 105 5 100 0 110 10 110 10 120 20 
-25 -125 -15 -115 -15 -115 -5 -105 -10 -110 0 -100 0 -100 10 -90 
75 -25 85 -15 85 -15 95 -5 90 -10 100 0 100 0 110 10 
-25 -125 -15 -115 -15 -115 -5 -105 -10 -110 0 -100 0 -100 10 -90 
75 -25 85 -15 85 -15 95 -5 90 -10 100 0 100 0 110 10 
-35 -135 -25 -125 -25 -125 -15 -115 -20 -120 -10 -110 -10 -110 0 -100 
65 -35 75 -25 75 -25 85 -15 80 -20 90 -10 90 -10 100 0 

319864 / 847861
0 -100 10 -130 10 -90 20 -120 15 -105 25 -75 25 -75 135 -85 
100 0 110 10 110 10 120 20 75 15 105 25 105 25 95 35 
-10 -110 0 -100 0 -60 10 -90 5 -15 15 -85 35 -125 25 -75 
90 -10 100 0 100 0 110 10 105 5 115 15 75 15 125 25 
-10 -110 0 0 0 -100 10 -90 5 -35 115 -125 15 -85 25 -75 
90 -10 100 0 100 0 110 10 145 5 95 15 115 15 125 25 
-20 -120 -10 -110 -10 -110 0 -100 -5 -105 5 -95 5 -95 15 -85 
80 -20 90 -10 90 -10 100 0 95 -5 105 5 105 5 115 15 
-15 -115 -5 -105 -5 -105 5 -95 0 -100 10 -90 10 -90 20 -80 
85 -15 95 -5 95 -5 105 5 100 0 110 10 110 10 120 20 
-25 -125 -15 -115 -15 -115 -5 -105 -10 -110 0 -100 0 -100 10 -90 
75 -25 85 -15 85 -15 95 -5 90 -10 100 0 100 0 110 10 
-25 -125 -15 -115 -15 -115 -5 -105 -10 -110 0 -100 0 -100 10 -90 
75 -25 85 -15 85 -15 95 -5 90 -10 100 0 100 0 110 10 
-35 -135 -25 -125 -25 -125 -15 -115 -20 -120 -10 -110 -10 -110 0 -100 
65 -35 75 -25 75 -25 85 -15 80 -20 90 -10 90 -10 100 0 

321697 / 847861
0 -100 10 -130 10 -90 20 -120 15 -105 25 -75 25 -75 135 -85 
100 0 110 10 110 10 120 20 75 15 105 25 105 25 95 35 
-10 -110 0 -100 0 -60 10 -90 5 -15 15 -85 35 -125 25 -75 
90 -10 100 0 100 0 110 10 105 5 115 15 75 15 125 25 
-10 -110 0 0 0 -100 10 -90 5 -35 115 -125 15 -85 25 -75 
90 -10 100 0 100 0 110 10 145 5 75 15 115 15 125 25 
-20 -120 -10 -110 -10 -110 0 -100 -5 -105 5 -95 5 -95 15 -85 
80 -20 90 -10 90 -10 100 0 95 -5 105 5 105 5 115 15 
-15 -115 -5 -105 -5 -105 5 -95 0 -100 10 -90 10 -90 20 -80 
85 -15 95 -5 95 -5 105 5 100 0 110 10 110 10 120 20 
-25 -125 -15 -115 -15 -115 -5 -105 -10 -110 0 -100 0 -100 10 -90 
75 -25 85 -15 85 -15 95 -5 90 -10 100 0 100 0 110 10 
-25 -125 -15 -115 -15 -115 -5 -105 -10 -110 0 -100 0 -100 10 -90 
75 -25 85 -15 85 -15 95 -5 90 -10 100 0 100 0 110 10 
-35 -135 -25 -125 -25 -125 -15 -115 -20 -120 -10 -110 -10 -110 0 -100 
65 -35 75 -25 75 -25 85 -15 80 -20 90 -10 90 -10 100 0 

321721 / 847861
0 -100 10 -130 10 -90 20 -120 15 -105 25 -75 25 -75 135 -85 
100 0 110 10 110 10 120 20 75 15 105 25 105 25 95 35 
-10 -110 0 -100 0 -60 10 -90 5 -15 15 -85 35 -125 25 -75 
90 -10 100 0 100 0 110 10 105 5 115 15 75 15 125 25 
-10 -110 0 0 0 -100 10 -90 5 -35 115 -125 15 -85 25 -75 
90 -10 100 0 100 0 110 10 145 5 75 15 115 15 125 25 
-40 -120 -10 -110 -10 -110 0 -100 -5 -105 5 -95 5 -95 15 -85 
80 -20 90 -10 90 -10 100 0 95 -5 105 5 105 5 115 15 
-15 -115 -5 -105 -5 -105 5 -95 0 -100 10 -90 10 -90 20 -80 
85 -15 95 -5 95 -5 105 5 100 0 110 10 110 10 120 20 
-25 -125 -15 -115 -15 -115 -5 -105 -10 -110 0 -100 0 -100 10 -90 
75 -25 85 -15 85 -15 95 -5 90 -10 100 0 100 0 110 10 
-25 -125 -15 -115 -15 -115 -5 -105 -10 -110 0 -100 0 -100 10 -90 
75 -25 85 -15 85 -15 95 -5 90 -10 100 0 100 0 110 10 
-35 -135 -25 -125 -25 -125 -15 -115 -20 -120 -10 -110 -10 -110 0 -100 
65 -35 75 -25 75 -25 85 -15 80 -20 90 -10 90 -10 100 0 

322324 / 847861
0 -100 10 -130 10 -90 20 -120 15 -105 25 -75 25 -75 135 -85 
100 0 110 10 110 10 120 20 75 15 105 25 105 25 95 35 
-10 -110 0 -100 0 -60 10 -90 5 -15 15 -85 35 -125 25 -75 
90 -10 100 0 100 0 110 10 105 5 115 15 75 15 125 25 
-10 -110 0 0 0 -100 10 -90 5 -35 115 -125 15 -85 25 -75 
90 -10 100 0 100 0 110 10 145 5 75 15 115 15 125 25 
-40 -120 -10 -110 -10 -110 0 -100 -5 -105 5 -95 5 -95 15 -85 
100 -20 90 -10 90 -10 100 0 95 -5 105 5 105 5 115 15 
-15 -115 -5 -105 -5 -105 5 -95 0 -100 10 -90 10 -90 20 -80 
85 -15 95 -5 95 -5 105 5 100 0 110 10 110 10 120 20 
-25 -125 -15 -115 -15 -115 -5 -105 -10 -110 0 -100 0 -100 10 -90 
75 -25 85 -15 85 -15 95 -5 90 -10 100 0 100 0 110 10 
-25 -125 -15 -115 -15 -115 -5 -105 -10 -110 0 -100 0 -100 10 -90 
75 -25 85 -15 85 -15 95 -5 90 -10 100 0 100 0 110 10 
-35 -135 -25 -125 -25 -125 -15 -115 -20 -120 -10 -110 -10 -110 0 -100 
65 -35 75 -25 75 -25 85 -15 80 -20 90 -10 90 -10 100 0 

322375 / 847861
0 -100 10 -130 10 -90 20 -120 15 -105 25 -75 25 -75 135 -85 
100 0 110 10 110 10 120 20 75 15 105 25 105 25 95 35 
-10 -110 0 -100 0 -60 10 -90 5 -15 15 -85 35 -125 25 -75 
90 -10 100 0 100 0 110 10 105 5 115 15 75 15 125 25 
-10 -110 0 0 0 -100 10 -90 5 -35 115 -125 15 -85 25 -75 
90 -10 100 0 100 0 110 10 145 5 75 15 115 15 125 25 
-40 -120 -10 -110 -10 -110 0 -100 -5 -105 5 -95 5 -95 15 -85 
120 -20 90 -10 90 -10 100 0 95 -5 105 5 105 5 115 15 
-15 -115 -5 -105 -5 -105 5 -95 0 -100 10 -90 10 -90 20 -80 
85 -15 95 -5 95 -5 105 5 100 0 110 10 110 10 120 20 
-25 -125 -15 -115 -15 -115 -5 -105 -10 -110 0 -100 0 -100 10 -90 
75 -25 85 -15 85 -15 95 -5 90 -10 100 0 100 0 110 10 
-25 -125 -15 -115 -15 -115 -5 -105 -10 -110 0 -100 0 -100 10 -90 
75 -25 85 -15 85 -15 95 -5 90 -10 100 0 100 0 110 10 
-35 -135 -25 -125 -25 -125 -15 -115 -20 -120 -10 -110 -10 -110 0 -100 
65 -35 75 -25 75 -25 85 -15 80 -20 90 -10 90 -10 100 0 

322390 / 847861
0 -100 10 -130 10 -90 20 -120 15 -105 25 -75 25 -75 135 -85 
100 0 110 10 110 10 120 20 75 15 105 25 105 25 95 35 
-10 -110 0 -100 0 -60 10 -90 5 -15 15 -85 35 -125 25 -75 
90 -10 100 0 100 0 110 10 105 5 115 15 75 15 125 25 
-10 -110 0 0 0 -100 10 -90 5 -35 115 -125 15 -85 25 -75 
90 -10 100 0 100 0 110 10 145 5 75 15 115 15 125 25 
-40 -120 -10 -110 -10 -110 0 -100 -5 -105 5 -95 5 -95 15 -85 
120 -20 90 -10 90 -10 100 0 95 -5 105 5 105 5 115 15 
-15 -95 -5 -105 -5 -105 5 -95 0 -100 10 -90 10 -90 20 -80 
85 -15 95 -5 95 -5 105 5 100 0 110 10 110 10 120 20 
-25 -125 -15 -115 -15 -115 -5 -105 -10 -110 0 -100 0 -100 10 -90 
75 -25 85 -15 85 -15 95 -5 90 -10 100 0 100 0 110 10 
-25 -125 -15 -115 -15 -115 -5 -105 -10 -110 0 -100 0 -100 10 -90 
75 -25 85 -15 85 -15 95 -5 90 -10 100 0 100 0 110 10 
-35 -135 -25 -125 -25 -125 -15 -115 -20 -120 -10 -110 -10 -110 0 -100 
65 -35 75 -25 75 -25 85 -15 80 -20 90 -10 90 -10 100 0 

322438 / 847861
0 -100 10 -130 10 -90 20 -120 15 -105 25 -75 25 -75 135 -85 
100 0 110 10 110 10 120 20 75 15 105 25 105 25 95 35 
-10 -110 0 -100 0 -60 10 -90 5 -15 15 -85 35 -125 25 -75 
90 -10 100 0 100 0 110 10 105 5 115 15 75 15 125 25 
-10 -110 0 0 0 -100 10 -90 5 -35 115 -125 15 -85 25 -75 
90 -10 100 0 100 0 110 10 145 5 75 15 115 15 125 25 
-40 -120 -10 -110 -10 -110 0 -100 -5 -105 5 -95 5 -95 15 -85 
120 -20 90 -10 90 -10 100 0 95 -5 105 5 105 5 115 15 
-15 -95 -5 -105 -5 -105 25 -95 0 -100 10 -90 10 -90 20 -80 
85 -15 95 -5 95 -5 105 5 100 0 110 10 110 10 120 20 
-25 -125 -15 -115 -15 -115 -5 -105 -10 -110 0 -100 0 -100 10 -90 
75 -25 85 -15 85 -15 95 -5 90 -10 100 0 100 0 110 10 
-25 -125 -15 -115 -15 -115 -5 -105 -10 -110 0 -100 0 -100 10 -90 
75 -25 85 -15 85 -15 95 -5 90 -10 100 0 100 0 110 10 
-35 -135 -25 -125 -25 -125 -15 -115 -20 -120 -10 -110 -10 -110 0 -100 
65 -35 75 -25 75 -25 85 -15 80 -20 90 -10 90 -10 100 0 

322442 / 847861
0 -100 10 -130 10 -90 20 -120 15 -105 25 -75 25 -75 135 -85 
100 0 110 10 110 10 120 20 75 15 105 25 105 25 95 35 
-10 -110 0 -100 0 -60 10 -90 5 -15 15 -85 35 -125 25 -75 
90 -10 100 0 100 0 110 10 105 5 115 15 75 15 125 25 
-10 -110 0 0 0 -100 10 -90 5 -35 115 -125 15 -85 25 -75 
90 -10 100 0 100 0 110 10 145 5 75 15 115 15 125 25 
-40 -120 -10 -110 -10 -110 0 -100 -5 -105 5 -95 5 -95 15 -85 
120 -20 90 -10 90 -10 100 0 95 -5 105 5 105 5 115 15 
-15 -95 -5 -105 -5 -105 45 -95 0 -100 10 -90 10 -90 20 -80 
85 -15 95 -5 95 -5 105 5 100 0 110 10 110 10 120 20 
-25 -125 -15 -115 -15 -115 -5 -105 -10 -110 0 -100 0 -100 10 -90 
75 -25 85 -15 85 -15 95 -5 90 -10 100 0 100 0 110 10 
-25 -125 -15 -115 -15 -115 -5 -105 -10 -110 0 -100 0 -100 10 -90 
75 -25 85 -15 85 -15 95 -5 90 -10 100 0 100 0 110 10 
-35 -135 -25 -125 -25 -125 -15 -115 -20 -120 -10 -110 -10 -110 0 -100 
65 -35 75 -25 75 -25 85 -15 80 -20 90 -10 90 -10 100 0 

322617 / 847861
0 -100 10 -130 10 -90 20 -120 15 -105 25 -75 25 -75 135 -85 
100 0 110 10 110 10 120 20 75 15 105 25 105 25 95 35 
-10 -110 0 -100 0 -60 10 -90 5 -15 15 -85 35 -125 25 -75 
90 -10 100 0 100 0 110 10 105 5 115 15 75 15 125 25 
-10 -110 0 0 0 -100 10 -90 5 -35 115 -125 15 -85 25 -75 
90 -10 100 0 100 0 110 10 145 5 75 15 115 15 125 25 
-40 -120 -10 -110 -10 -110 0 -100 -5 -105 5 -95 5 -95 15 -85 
120 -20 90 -10 90 -10 100 0 95 -5 105 5 105 5 115 15 
-15 -95 -5 -105 -5 -105 45 -75 0 -100 10 -90 10 -90 20 -80 
85 -15 95 -5 95 -5 105 5 100 0 110 10 110 10 120 20 
-25 -125 -15 -115 -15 -115 -5 -105 -10 -110 0 -100 0 -100 10 -90 
75 -25 85 -15 85 -15 95 -5 90 -10 100 0 100 0 110 10 
-25 -125 -15 -115 -15 -115 -5 -105 -10 -110 0 -100 0 -100 10 -90 
75 -25 85 -15 85 -15 95 -5 90 -10 100 0 100 0 110 10 
-35 -135 -25 -125 -25 -125 -15 -115 -20 -120 -10 -110 -10 -110 0 -100 
65 -35 75 -25 75 -25 85 -15 80 -20 90 -10 90 -10 100 0 

322622 / 847861
0 -100 10 -130 10 -90 20 -120 15 -105 25 -75 25 -75 135 -85 
100 0 110 10 110 10 120 20 75 15 105 25 105 25 95 35 
-10 -110 0 -100 0 -60 10 -90 5 -15 15 -85 35 -125 25 -75 
90 -10 100 0 100 0 110 10 105 5 115 15 75 15 125 25 
-10 -110 0 0 0 -100 10 -90 5 -35 115 -125 15 -85 25 -75 
90 -10 100 0 100 0 110 10 145 5 75 15 115 15 125 25 
-40 -120 -10 -110 -10 -110 0 -100 -5 -105 5 -95 5 -95 15 -85 
120 -20 90 -10 90 -10 100 0 95 -5 105 5 105 5 115 15 
-15 -95 -5 -105 -5 -105 45 -75 0 -100 10 -90 10 -90 20 -80 
85 -15 95 -5 95 -5 125 5 100 0 110 10 110 10 120 20 
-25 -125 -15 -115 -15 -115 -5 -105 -10 -110 0 -100 0 -100 10 -90 
75 -25 85 -15 85 -15 95 -5 90 -10 100 0 100 0 110 10 
-25 -125 -15 -115 -15 -115 -5 -105 -10 -110 0 -100 0 -100 10 -90 
75 -25 85 -15 85 -15 95 -5 90 -10 100 0 100 0 110 10 
-35 -135 -25 -125 -25 -125 -15 -115 -20 -120 -10 -110 -10 -110 0 -100 
65 -35 75 -25 75 -25 85 -15 80 -20 90 -10 90 -10 100 0 

322626 / 847861
0 -100 10 -130 10 -90 20 -120 15 -105 25 -75 25 -75 135 -85 
100 0 110 10 110 10 120 20 75 15 105 25 105 25 95 35 
-10 -110 0 -100 0 -60 10 -90 5 -15 15 -85 35 -125 25 -75 
90 -10 100 0 100 0 110 10 105 5 115 15 75 15 125 25 
-10 -110 0 0 0 -100 10 -90 5 -35 115 -125 15 -85 25 -75 
90 -10 100 0 100 0 110 10 145 5 75 15 115 15 125 25 
-40 -120 -10 -110 -10 -110 0 -100 -5 -105 5 -95 5 -95 15 -85 
120 -20 90 -10 90 -10 100 0 95 -5 105 5 105 5 115 15 
-15 -95 -5 -105 -5 -105 45 -75 0 -100 10 -90 10 -90 20 -80 
85 -15 95 -5 95 -5 125 5 100 0 110 10 110 10 120 20 
-25 -125 -15 -115 5 -115 -5 -105 -10 -110 0 -100 0 -100 10 -90 
75 -25 85 -15 85 -15 95 -5 90 -10 100 0 100 0 110 10 
-25 -125 -15 -115 -15 -115 -5 -105 -10 -110 0 -100 0 -100 10 -90 
75 -25 85 -15 85 -15 95 -5 90 -10 100 0 100 0 110 10 
-35 -135 -25 -125 -25 -125 -15 -115 -20 -120 -10 -110 -10 -110 0 -100 
65 -35 75 -25 75 -25 85 -15 80 -20 90 -10 90 -10 100 0 

322771 / 847861
0 -100 10 -130 10 -90 20 -120 15 -105 25 -75 25 -75 135 -85 
100 0 110 10 110 10 120 20 75 15 105 25 105 25 95 35 
-10 -110 0 -100 0 -60 10 -90 5 -15 15 -85 35 -125 25 -75 
90 -10 100 0 100 0 110 10 105 5 115 15 75 15 125 25 
-10 -110 0 0 0 -100 10 -90 5 -35 115 -125 15 -85 25 -75 
90 -10 100 0 100 0 110 10 145 5 75 15 115 15 125 25 
-40 -120 -10 -110 -10 -110 0 -100 -5 -105 5 -95 5 -95 15 -85 
120 -20 90 -10 90 -10 100 0 95 -5 105 5 105 5 115 15 
-15 -95 -5 -105 -5 -105 45 -75 0 -100 10 -90 10 -90 20 -80 
85 -15 95 -5 95 -5 125 5 100 0 110 10 110 10 120 20 
-25 -125 -15 -115 5 -115 -5 -105 -10 -110 0 -100 0 -100 10 -90 
75 -25 85 -15 85 -15 95 -5 90 -10 100 0 100 0 110 10 
-25 -145 -15 -115 -15 -115 -5 -105 -10 -110 0 -100 0 -100 10 -90 
75 -25 85 -15 85 -15 95 -5 90 -10 100 0 100 0 110 10 
-35 -135 -25 -125 -25 -125 -15 -115 -20 -120 -10 -110 -10 -110 0 -100 
65 -35 75 -25 75 -25 85 -15 80 -20 90 -10 90 -10 100 0 

322791 / 847861
0 -100 10 -130 10 -90 20 -120 15 -105 25 -75 25 -75 135 -85 
100 0 110 10 110 10 120 20 75 15 105 25 105 25 95 35 
-10 -110 0 -100 0 -60 10 -90 5 -15 15 -85 35 -125 25 -75 
90 -10 100 0 100 0 110 10 105 5 115 15 75 15 125 25 
-10 -110 0 0 0 -100 10 -90 5 -35 115 -125 15 -85 25 -75 
90 -10 100 0 100 0 110 10 145 5 75 15 115 15 125 25 
-40 -120 -10 -110 -10 -110 0 -100 -5 -105 5 -95 5 -95 15 -85 
120 -20 90 -10 90 -10 100 0 95 -5 105 5 105 5 115 15 
-15 -95 -5 -105 -5 -105 45 -75 0 -100 10 -90 10 -90 20 -80 
85 -15 95 -5 95 -5 125 5 100 0 110 10 110 10 120 20 
-25 -125 -15 -115 5 -115 -5 -105 -10 -110 0 -100 0 -100 10 -90 
75 -25 85 -15 85 -15 95 -5 90 -10 100 0 100 0 110 10 
-25 -145 -15 -115 -15 -115 -5 -105 -10 -110 0 -100 0 -100 10 -90 
75 -25 85 -15 85 -15 95 -5 90 -10 100 0 100 0 110 10 
-35 -115 -25 -125 -25 -125 -15 -115 -20 -120 -10 -110 -10 -110 0 -100 
65 -35 75 -25 75 -25 85 -15 80 -20 90 -10 90 -10 100 0 

322844 / 847861
0 -100 10 -130 10 -90 20 -120 15 -105 25 -75 25 -75 135 -85 
100 0 110 10 110 10 120 20 75 15 105 25 105 25 95 35 
-10 -110 0 -100 0 -60 10 -90 5 -15 15 -85 35 -125 25 -75 
90 -10 100 0 100 0 110 10 105 5 115 15 75 15 125 25 
-10 -110 0 0 0 -100 10 -90 5 -35 115 -125 15 -85 25 -75 
90 -10 100 0 100 0 110 10 145 5 75 15 115 15 125 25 
-40 -120 -10 -110 -10 -110 0 -100 -5 -105 5 -95 5 -95 15 -85 
120 -20 90 -10 90 -10 100 0 95 -5 105 5 105 5 115 15 
-15 -95 -5 -105 -5 -105 45 -75 0 -100 10 -90 10 -90 20 -80 
85 -15 95 -5 95 -5 125 5 100 0 110 10 110 10 120 20 
-25 -125 -15 -115 5 -115 -5 -105 -10 -110 0 -100 0 -100 10 -90 
75 -25 85 -15 85 -15 95 -5 90 -10 100 0 100 0 110 10 
-25 -145 -15 -115 -15 -115 -5 -105 -10 -110 0 -100 0 -100 10 -90 
75 -25 85 -15 85 -15 95 -5 90 -10 100 0 100 0 110 10 
-35 -95 -25 -125 -25 -125 -15 -115 -20 -120 -10 -110 -10 -110 0 -100 
65 -35 75 -25 75 -25 85 -15 80 -20 90 -10 90 -10 100 0 

322864 / 847861
0 -100 10 -130 10 -90 20 -120 15 -105 25 -75 25 -75 135 -85 
100 0 110 10 110 10 120 20 75 15 105 25 105 25 95 35 
-10 -110 0 -100 0 -60 10 -90 5 -15 15 -85 35 -125 25 -75 
90 -10 100 0 100 0 110 10 105 5 115 15 75 15 125 25 
-10 -110 0 0 0 -100 10 -90 5 -35 115 -125 15 -85 25 -75 
90 -10 100 0 100 0 110 10 145 5 75 15 115 15 125 25 
-40 -120 -10 -110 -10 -110 0 -100 -5 -105 5 -95 5 -95 15 -85 
120 -20 90 -10 90 -10 100 0 95 -5 105 5 105 5 115 15 
-15 -95 -5 -105 -5 -105 45 -75 0 -100 10 -90 10 -90 20 -80 
85 -15 95 -5 95 -5 125 5 100 0 110 10 110 10 120 20 
-25 -125 -15 -115 5 -115 -5 -105 -10 -110 0 -100 0 -100 10 -90 
75 -25 85 -15 85 -15 95 -5 90 -10 100 0 100 0 110 10 
-25 -145 -15 -115 -15 -115 -5 -105 -10 -110 0 -100 0 -100 10 -90 
75 -25 85 -15 85 -15 95 -5 90 -10 100 0 100 0 110 10 
-35 -75 -25 -125 -25 -125 -15 -115 -20 -120 -10 -110 -10 -110 0 -100 
65 -35 75 -25 75 -25 85 -15 80 -20 90 -10 90 -10 100 0 

322969 / 847861
0 -100 10 -130 10 -90 20 -120 15 -105 25 -75 25 -75 135 -85 
100 0 110 10 110 10 120 20 75 15 105 25 105 25 95 35 
-10 -110 0 -100 0 -60 10 -90 5 -15 15 -85 35 -125 25 -75 
90 -10 100 0 100 0 110 10 105 5 115 15 75 15 125 25 
-10 -110 0 0 0 -100 10 -90 5 -35 115 -125 15 -85 25 -75 
90 -10 100 0 100 0 110 10 145 5 75 15 115 15 125 25 
-40 -120 -10 -110 -10 -110 0 -100 -5 -105 5 -95 5 -95 15 -85 
120 -20 90 -10 90 -10 100 0 95 -5 105 5 105 5 115 15 
-15 -95 -5 -105 -5 -105 45 -75 0 -100 10 -90 10 -90 20 -80 
85 -15 95 -5 95 -5 125 5 100 0 110 10 110 10 120 20 
-25 -125 -15 -115 5 -115 -5 -105 -10 -110 0 -100 0 -100 10 -90 
75 -25 85 -15 85 -15 95 -5 90 -10 100 0 100 0 110 10 
-25 -145 -15 -115 -15 -115 -5 -105 -10 -110 0 -100 0 -100 10 -90 
75 -25 85 -15 85 -15 95 -5 90 -10 100 0 100 0 110 10 
-35 -55 -25 -125 -25 -125 -15 -115 -20 -120 -10 -110 -10 -110 0 -100 
65 -35 75 -25 75 -25 85 -15 80 -20 90 -10 90 -10 100 0 

322974 / 847861
0 -100 10 -130 10 -90 20 -120 15 -105 25 -75 25 -75 135 -85 
100 0 110 10 110 10 120 20 75 15 105 25 105 25 95 35 
-10 -110 0 -100 0 -60 10 -90 5 -15 15 -85 35 -125 25 -75 
90 -10 100 0 100 0 110 10 105 5 115 15 75 15 125 25 
-10 -110 0 0 0 -100 10 -90 5 -35 115 -125 15 -85 25 -75 
90 -10 100 0 100 0 110 10 145 5 75 15 115 15 125 25 
-40 -120 -10 -110 -10 -110 0 -100 -5 -105 5 -95 5 -95 15 -85 
120 -20 90 -10 90 -10 100 0 95 -5 105 5 105 5 115 15 
-15 -95 -5 -105 -5 -105 45 -75 0 -100 10 -90 10 -90 20 -80 
85 -15 95 -5 95 -5 125 5 100 0 110 10 110 10 120 20 
-25 -125 -15 -115 5 -115 -5 -105 -10 -110 0 -100 0 -100 10 -90 
75 -25 85 -15 85 -15 95 -5 90 -10 100 0 100 0 110 10 
-25 -145 -15 -115 -15 -115 -5 -105 -10 -110 0 -100 0 -100 10 -90 
75 -25 85 -15 85 -15 95 -5 90 -10 100 0 100 0 110 10 
-35 -35 -25 -125 -25 -125 -15 -115 -20 -120 -10 -110 -10 -110 0 -100 
65 -35 75 -25 75 -25 85 -15 80 -20 90 -10 90 -10 100 0 

323005 / 847861
0 -100 10 -130 10 -90 20 -120 15 -105 25 -75 25 -75 135 -85 
100 0 110 10 110 10 120 20 75 15 105 25 105 25 95 35 
-10 -110 0 -100 0 -60 10 -90 5 -15 15 -85 35 -125 25 -75 
90 -10 100 0 100 0 110 10 105 5 115 15 75 15 125 25 
-10 -110 0 0 0 -100 10 -90 5 -35 115 -125 15 -85 25 -75 
90 -10 100 0 100 0 110 10 145 5 75 15 115 15 125 25 
-40 -120 -10 -110 -10 -110 0 -100 -5 -105 5 -95 5 -95 15 -85 
120 -20 90 -10 90 -10 100 0 95 -5 105 5 105 5 115 15 
-15 -95 -5 -105 -5 -105 45 -75 0 -100 10 -90 10 -90 20 -80 
85 -15 95 -5 95 -5 125 5 100 0 110 10 110 10 120 20 
-25 -125 -15 -115 5 -115 -5 -105 -10 -110 0 -100 0 -100 10 -90 
75 -25 85 -15 85 -15 95 -5 90 -10 100 0 100 0 110 10 
-25 -145 -15 -115 -15 -115 -5 -105 -10 -110 0 -100 0 -100 10 -90 
75 -25 85 -15 85 -15 95 -5 90 -10 100 0 100 0 110 10 
-35 -15 -25 -125 -25 -125 -15 -115 -20 -120 -10 -110 -10 -110 0 -100 
65 -35 75 -25 75 -25 85 -15 80 -20 90 -10 90 -10 100 0 

323018 / 847861
0 -100 10 -130 10 -90 20 -120 15 -105 25 -75 25 -75 135 -85 
100 0 110 10 110 10 120 20 75 15 105 25 105 25 95 35 
-10 -110 0 -100 0 -60 10 -90 5 -15 15 -85 35 -125 25 -75 
90 -10 100 0 100 0 110 10 105 5 115 15 75 15 125 25 
-10 -110 0 0 0 -100 10 -90 5 -35 115 -125 15 -85 25 -75 
90 -10 100 0 100 0 110 10 145 5 75 15 115 15 125 25 
-40 -120 -10 -110 -10 -110 0 -100 -5 -105 5 -95 5 -95 15 -85 
120 -20 90 -10 90 -10 100 0 95 -5 105 5 105 5 115 15 
-15 -95 -5 -105 -5 -105 45 -75 0 -100 10 -90 10 -90 20 -80 
85 -15 95 -5 95 -5 125 5 100 0 110 10 110 10 120 20 
-25 -125 -15 -115 5 -115 -5 -105 -10 -110 0 -100 0 -100 10 -90 
75 -25 85 -15 85 -15 95 -5 90 -10 100 0 100 0 110 10 
-25 -145 -15 -115 -15 -115 -5 -105 -10 -110 0 -100 0 -100 10 -90 
75 -25 85 -15 85 -15 95 -5 90 -10 100 0 100 0 110 10 
-35 -15 -25 -125 -25 -125 -15 -115 -20 -120 -10 -110 -10 -110 0 -100 
85 -35 75 -25 75 -25 85 -15 80 -20 90 -10 90 -10 100 0 

